#  158.755  -0.268   8.576 ;Mean Elev.(m), Avg Gradient(m/km), RMS Gradient(m/km) - SRTM1     
#    0.000   0.000   0.000 ;Mean Elev.(m), Avg Gradient(m/km), RMS Gradient(m/km) - ASTER GDEM
#  162.274  -0.235   8.830 ;Mean Elev.(m), Avg Gradient(m/km), RMS Gradient(m/km) - GMTED2010 
  6   178.617 52420.14985030 23.36 268.700721  40.624702  9.801
  6   179.545 52420.14985094 22.52 268.699631  40.627972  9.801
  7   157.703 52455.14987409 25.04 268.703382  40.623121 16.338
  7   157.577 52455.14987474 28.85 268.702292  40.626391 16.338
  8   157.145 52490.14984983 25.64 268.711798  40.626938 15.031
  8   157.075 52490.14985048 26.36 268.710708  40.630208 15.031
  9   156.783 52525.14982794 32.53 268.710674  40.625409 13.246
  9   157.412 52525.14982858 30.40 268.709584  40.628679 13.246
 10   157.369 52560.14987696 26.95 268.701661  40.625029 19.017
 10   157.995 52560.14987760 28.41 268.700571  40.628289 19.017
 11   157.843 52595.14988328 49.12 268.700806  40.622375 21.553
 11   158.111 52595.14988392 49.16 268.699716  40.625645 21.553
 12   156.856 52630.14981650 32.22 268.704585  40.625079 19.694
 12   158.114 52630.14981714 43.42 268.703505  40.628339 19.694
 14   211.478 52700.14981814  6.61 268.706985  40.623894  4.761
 14   210.739 52700.14981878 10.14 268.705905  40.627164  4.761
 15   156.870 52735.14984993 40.54 268.712579  40.625666  9.367
 15   157.335 52735.14985058 27.89 268.711499  40.628936  9.367
 16   213.298 52770.14983776  7.81 268.709924  40.626520  8.764
 16   213.491 52770.14983840 10.10 268.708844  40.629780  8.764
 18   157.045 52840.14993537 38.26 268.704249  40.623190 22.468
 18   157.680 52840.14993601 32.32 268.703159  40.626460 22.468
 19   157.829 52875.14997489 41.40 268.703787  40.625345 26.571
 19   157.860 52875.14997554 37.30 268.702697  40.628605 26.571
 20   158.263 52910.14994598 28.23 268.714390  40.626899 11.884
 20   158.082 52910.14994663 23.02 268.713310  40.630159 11.884
 21   157.400 52945.14988738 51.12 268.706786  40.623971 22.940
 21   157.930 52945.14988802 47.40 268.705696  40.627241 22.940
 23   179.384 53015.14993302 13.08 268.706865  40.624681  8.959
 23   178.143 53015.14993366 14.05 268.705775  40.627951  8.959
 26   210.549 53120.14991382 11.35 268.700447  40.624448 14.688
 26   180.380 53120.14991447 17.92 268.699367  40.627718 14.688
 27   158.366 53155.14996667 27.33 268.698873  40.622743 21.333
 27   158.223 53155.14996731 23.35 268.697783  40.626013 21.333
 28   211.147 53190.14995725  6.27 268.711118  40.626027  8.922
 28   175.053 53190.14995789 12.38 268.710038  40.629287  8.922
 29   157.518 53225.14996701 30.69 268.709903  40.626792 14.476
 29   158.136 53225.14996765 29.69 268.708823  40.630052 14.476
 30   156.730 53260.14994113 32.60 268.706943  40.623948 18.291
 30   157.083 53260.14994177 24.71 268.705853  40.627218 18.291
 31   158.109 53295.14996959 23.36 268.695660  40.622199 12.372
 31   157.714 53295.14997024 20.58 268.694580  40.625469 12.372
 32   157.500 53330.14994286 25.57 268.707011  40.625968 21.889
 32   157.771 53330.14994350 37.71 268.705921  40.629228 21.889
 33   202.721 53365.14989214 15.63 268.713280  40.626107  7.484
 33   204.299 53365.14989279 12.44 268.712200  40.629367  7.484
 35   157.938 53435.14990713 39.77 268.711510  40.625347 14.439
 35   157.228 53435.14990778 48.59 268.710420  40.628617 14.439
 38   157.351 53540.14999321 33.30 268.704712  40.623649 23.205
 38   157.286 53540.14999386 31.74 268.703622  40.626919 23.205
 39   156.825 53575.14998767 24.28 268.705313  40.625723 20.113
 39   160.085 53575.14998831 19.58 268.704233  40.628983 20.113
 41   156.691 53645.14994154 29.43 268.701681  40.624968 18.764
 41   157.713 53645.14994219 32.06 268.700601  40.628238 18.764
 42   157.178 53680.14995819 36.01 268.702570  40.623094 19.394
 42   157.660 53680.14995884 26.91 268.701490  40.626354 19.394
 43   211.480 53715.14988645  7.00 268.712984  40.625937  5.834
 43   213.048 53715.14988709  6.44 268.711904  40.629197  5.834
 44   157.875 53750.14980265 35.04 268.706338  40.623972 18.314
 44   158.047 53750.14980329 36.58 268.705248  40.627242 18.314
 45   179.127 53785.14983325 16.72 268.711220  40.625665  6.567
 45   178.169 53785.14983389 16.85 268.710130  40.628935  6.567
 47   210.385 53855.14987625 10.89 268.699451  40.624387  8.768
 47   211.482 53855.14987690 12.65 268.698361  40.627647  8.768
 48   157.403 53890.14988602 38.92 268.711662  40.624721 11.806
 48   157.622 53890.14988667 38.29 268.710577  40.627980  6.661
 48   157.928 53890.14988731 35.57 268.709487  40.631250  6.661
 49   157.558 53925.14995100 23.06 268.695829  40.621839 10.823
 49   157.643 53925.14995164 20.16 268.694739  40.625109 10.823
 51   157.003 53995.14987535 26.21 268.701159  40.624248 20.611
 51   158.574 53995.14987600 29.95 268.700069  40.627518 20.611
 52   157.163 54030.14993189 26.57 268.704677  40.625101 16.045
 52   158.167 54030.14993254 19.24 268.703587  40.628371 16.045
 53   157.198 54065.14992555 45.88 268.710151  40.626727 11.672
 53   158.263 54065.14992619 43.61 268.709061  40.629997 11.672
 55   210.882 54135.14985107  4.89 268.702791  40.623995  4.307
 55   178.028 54135.14985171 16.37 268.701701  40.627255  4.307
 57   158.294 54205.14985533 38.43 268.701849  40.623467 16.533
 57   158.350 54205.14985597 37.23 268.700769  40.626737 16.533
 58   157.212 54240.14988948 37.83 268.706875  40.623747 16.450
 58   157.707 54240.14989012 28.78 268.705785  40.627017 16.450
 59   157.821 54275.14990603 24.09 268.706550  40.625667 14.475
 59   157.833 54275.14990667 26.33 268.705460  40.628937 14.475
 61   158.760 54345.14988264 40.82 268.711779  40.625074 10.094
 61   158.348 54345.14988329 47.55 268.710689  40.628344 10.094
 65   204.226 54485.14982597  8.16 268.708244  40.623849  5.052
 65   178.370 54485.14982662 13.11 268.707164  40.627109  5.052
 66   210.851 54520.14982432  6.27 268.704915  40.624490  4.279
 66   179.139 54520.14982497 14.31 268.703825  40.627760  4.279
 67   209.268 54555.14983719  5.52 268.709751  40.623478  9.925
 67   157.736 54555.14983848 21.78 268.707581  40.630008  9.925
 68   159.023 54590.14982060 48.18 268.704623  40.624223 22.804
 68   159.862 54590.14982125 30.96 268.703533  40.627493 22.804
 70   157.741 54660.14984520 22.71 268.704492  40.623140 25.585
 70   158.056 54660.14984584 18.99 268.703412  40.626400 25.585
 71   157.865 54695.14982425 46.28 268.709492  40.624912 15.829
 71   158.243 54695.14982489 43.18 268.708402  40.628182 15.829
 73   157.530 54765.14980200 27.77 268.706939  40.623415 20.199
 73   157.150 54765.14980265 25.69 268.705849  40.626675 20.199
 79   157.710 54975.14981309 32.90 268.704878  40.623839 19.233
 79   157.402 54975.14981374 31.16 268.703788  40.627109 19.233
 80   211.122 55010.14982505  6.60 268.706195  40.626119 11.959
 80   211.247 55010.14982570 10.65 268.705115  40.629379 11.959
 81   157.307 55045.14981541 41.35 268.706418  40.623948 24.026
 81   157.940 55045.14981606 41.09 268.705338  40.627208 24.026
 83   156.733 55115.14974756 31.09 268.704766  40.624552 15.712
 83   158.066 55115.14974821 23.09 268.703676  40.627822 15.712
 84   157.838 55150.14974719 33.17 268.705390  40.626175 20.728
 84   158.093 55150.14974784 42.57 268.704310  40.629445 20.728
 85   210.001 55185.14973177  6.76 268.702556  40.623640  7.726
 85   210.966 55185.14973242  5.82 268.701476  40.626910  7.726
 86   210.657 55220.14974474 16.39 268.707391  40.623228  9.118
 86   212.233 55220.14974539 15.60 268.706301  40.626498  9.118
 86   213.134 55220.14974603 15.89 268.705221  40.629758  9.118
 87   210.377 55255.14972760  6.41 268.705114  40.624377  4.040
 87   211.457 55255.14972824  5.75 268.704024  40.627647  4.040
 88   179.917 55290.14973443 19.11 268.709295  40.625215  9.252
 88   179.640 55290.14973508 20.93 268.708215  40.628475  9.252
 90   211.528 55360.14971157  8.70 268.706741  40.625022 11.493
 90   212.792 55360.14971222 10.53 268.705661  40.628282 11.493
 91   157.524 55395.14971685 33.07 268.703359  40.625482 18.866
 91   158.620 55395.14971749 34.11 268.702279  40.628752 18.866
 92   158.464 55430.14972735 41.41 268.706795  40.625910 12.677
 92   158.018 55430.14972800 37.88 268.705715  40.629170 12.677
 93   212.737 55465.14968911 11.75 268.712134  40.627254 10.280
 93   213.086 55465.14968976 13.59 268.711044  40.630524 10.280
