#   85.000  -1.251  11.534 ;Mean Elev.(m), Avg Gradient(m/km), RMS Gradient(m/km) - SRTM1     
#    0.000   0.000   0.000 ;Mean Elev.(m), Avg Gradient(m/km), RMS Gradient(m/km) - ASTER GDEM
#   85.212  -1.230  11.715 ;Mean Elev.(m), Avg Gradient(m/km), RMS Gradient(m/km) - GMTED2010 
  7 270.701694  36.597842    83.301    83.323  6 52471.14708861 31.590
  8 270.705412  36.594857    75.753    75.778  6 52506.14706761 46.793
  9 270.705640  36.594781    82.253    82.252  6 52541.14704981 49.210
 10 270.698656  36.600584    82.696    82.686  7 52576.14709875 35.713
 11 270.706121  36.593971    82.656    82.639  6 52611.14705935 32.610
 12 270.703192  36.596175    87.175    87.114  7 52646.14704723 44.254
 13 270.719591  36.579179    84.882    84.925  3 52681.14701620 22.617
 15 270.694991  36.601819    86.353    86.379  6 52751.14710103 32.453
 16 270.695286  36.602871    91.322    91.296  6 52786.14704519 34.657
 17 270.698005  36.601207    84.973    84.983  7 52821.14711866 37.245
 18 270.705020  36.594987    85.294    85.279  6 52856.14716491 36.352
 19 270.699157  36.600272    87.059    87.105  7 52891.14719862 44.088
 20 270.708675  36.591817    82.152    82.153  6 52926.14714938 53.146
 21 270.709816  36.590967    85.281    85.227  6 52961.14711698 24.987
 22 270.702126  36.597346    87.191    87.114  6 52996.14715707 16.264
 23 270.709500  36.591182    88.181    88.217  6 53031.14711814 20.939
 24 270.708680  36.591148    87.554    87.666  5 53066.14712553 22.168
 25 270.705437  36.594627    87.738    87.738  6 53101.14712654 38.870
 26 270.709693  36.590733    87.199    87.320  5 53136.14712712 23.898
 27 270.699679  36.599150    88.533    88.551  6 53171.14718145 45.309
 28 270.703474  36.595156    85.953    85.641  6 53206.14719360 43.084
 29 270.714535  36.585297    83.307    82.600  4 53241.14715912 39.752
 30 270.698535  36.600338    87.811    87.759  7 53276.14713189 22.797
 31 270.699228  36.600222    86.833    86.761  6 53311.14717401 30.423
 32 270.708464  36.592133    90.049    90.022  6 53346.14713812 29.100
 33 270.701206  36.598308    92.116    92.146  7 53381.14709647 47.627
 34 270.715082  36.584300    89.537    89.559  4 53416.14711435 23.924
 35 270.699235  36.599121    85.667    86.237  7 53451.14711441 28.405
 36 270.693886  36.601655    85.492    85.407  5 53486.14720041 26.345
 37 270.708659  36.591361    84.817    84.669  6 53521.14719183 35.710
 38 270.696359  36.601541    83.414    83.411  7 53556.14721801 45.146
 39 270.720563  36.578546    80.567    80.487  3 53591.14715254 49.441
 40 270.690530  36.602509    80.737    80.782  3 53626.14714387 30.683
 41 270.699253  36.600343    81.666    81.671  7 53661.14716897 34.340
 42 270.708358  36.591602    84.879    85.081  5 53696.14713697 22.831
 43 270.717738  36.581976    81.240    81.239  3 53731.14705767 23.175
 44 270.711291  36.588406    88.951    88.899  5 53766.14702984 28.542
 45 270.716913  36.581678    86.726    86.644  3 53801.14703102 13.745
 46 270.699342  36.599570    86.261    86.291  6 53836.14704127 29.827
 47 270.702708  36.596711    85.480    85.404  7 53871.14709731 24.327
 48 270.699484  36.599244    82.288    82.278  7 53906.14713612 37.774
 49 270.692474  36.603458    82.451    82.488  5 53941.14716654 45.876
 50 270.706902  36.593179    80.342    80.282  6 53976.14711995 34.572
 51 270.700309  36.598264    83.586    83.596  6 54011.14712234 37.914
 52 270.712673  36.587485    86.774    86.537  4 54046.14713436 24.529
 53 270.708593  36.591223    84.280    84.281  6 54081.14712804 29.984
 54 270.713439  36.586716    89.985    89.952  5 54116.14706060 29.021
 55 270.702952  36.597356    83.683    83.659  6 54151.14707964 29.094
 56 270.712514  36.587828    89.230    89.230  5 54186.14705279 52.710
 57 270.700757  36.598541    87.219    87.045  7 54221.14708941 43.436
 58 270.705578  36.593131    84.875    84.887  6 54256.14711170 41.530
 59 270.708532  36.591184    83.323    83.236  6 54291.14711272 32.707
 60 270.709953  36.589912    82.149    82.147  5 54326.14710996 51.457
 61 270.714553  36.585048    87.429    87.542  4 54361.14706074 18.684
 62 270.706204  36.593951    86.300    86.657  6 54396.14705068 25.958
 63 270.713014  36.587050    87.374    87.811  5 54431.14701094 26.193
 64 270.704862  36.595627    86.359    86.348  6 54466.14703169 20.635
 65 270.710305  36.590714    85.458    85.409  5 54501.14702488 27.688
 66 270.708046  36.592447    90.864    90.891  5 54536.14704596 33.113
 67 270.712980  36.587060    93.563    93.597  4 54571.14702668 40.552
 68 270.704557  36.595068    90.546    90.512  6 54606.14704083 30.805
 69 270.706775  36.592694    90.270    90.282  6 54641.14704946 50.841
 70 270.704033  36.596323    85.946    85.947  6 54676.14705242 48.775
 71 270.715069  36.584170    81.792    81.800  4 54711.14700541 52.814
 72 270.703710  36.596259    82.952    82.958  6 54746.14702018 51.033
 73 270.710092  36.589878    82.720    81.309  5 54781.14699118 32.131
 74 270.704056  36.595292    85.909    85.713  6 54816.14701298 17.642
 75 270.709903  36.590631    87.418    87.685  5 54851.14698980 35.285
 76 270.703282  36.596266    87.801    87.724  7 54886.14701707 39.962
 77 270.710792  36.589384    88.394    88.359  6 54921.14699048 32.962
 78 270.701675  36.598012    90.035    90.031  7 54956.14701370 39.191
 79 270.702035  36.596615    87.385    87.543  6 54991.14703661 34.330
 80 270.709453  36.590338    85.973    86.257  5 55026.14702597 31.953
 81 270.706853  36.593499    85.328    85.529  6 55061.14702032 30.138
 82 270.712856  36.587171    85.673    87.626  5 55096.14696892 22.913
 83 270.704423  36.595287    87.390    87.390  6 55131.14696289 46.615
 84 270.710512  36.589864    87.192    87.102  5 55166.14693130 35.622
 85 270.703470  36.595861    88.387    88.439  7 55201.14695532 42.685
 86 270.709819  36.590727    90.511    90.530  5 55236.14693775 49.335
 87 270.706104  36.593735    88.783    88.747  5 55271.14694897 42.973
 88 270.714525  36.585141    88.710    88.725  4 55306.14691847 22.596
 89 270.706471  36.593576    91.312    91.306  6 55341.14692005 41.586
 90 270.709274  36.591081    89.050    89.016  5 55376.14691211 36.779
 91 270.705957  36.593131    87.434    87.442  6 55411.14693552 50.953
 92 270.708462  36.591666    85.656    85.918  6 55446.14692805 29.876
 93 270.717184  36.581854    85.269    85.109  4 55481.14685849 33.256
