#  201.000  -0.356  19.333 ;Mean Elev.(m), Avg Gradient(m/km), RMS Gradient(m/km) - SRTM1     
#    0.000   0.000   0.000 ;Mean Elev.(m), Avg Gradient(m/km), RMS Gradient(m/km) - ASTER GDEM
#  203.074  -0.242  18.682 ;Mean Elev.(m), Avg Gradient(m/km), RMS Gradient(m/km) - GMTED2010 
 13   204.700 52660.69698212 29.22 267.570006  44.575603 12.170
 13   205.478 52660.69698277 30.62 267.568806  44.572343 12.170
 13   205.155 52660.69698341 30.72 267.567606  44.569093 12.170
 14   318.178 52695.69696121  1.48 267.579075  44.574039  6.293
 14   317.143 52695.69696185  3.62 267.577875  44.570789  6.293
 14   310.832 52695.69696314  1.80 267.575466  44.564282  2.612
 15   205.552 52730.69699084 46.15 267.574884  44.573868 13.398
 15   203.263 52730.69699149 50.73 267.573684  44.570618 13.398
 15   203.231 52730.69699213 51.96 267.572484  44.567358 13.398
 28   312.448 53185.69708988  1.77 267.578944  44.573550 12.932
 28   204.638 53185.69709182 15.28 267.575334  44.563780 12.932
 30   203.591 53255.69709247 27.72 267.561292  44.576886 16.180
 30   205.247 53255.69709312 19.67 267.560092  44.573626 16.180
 30   204.886 53255.69709376 19.08 267.558892  44.570376 16.180
 30   205.494 53255.69709441 22.07 267.557692  44.567116 16.180
 40   204.577 53605.69708481  6.93 267.562892  44.570149  8.771
 40   203.881 53605.69708546 16.71 267.561692  44.566889  8.771
 42   204.730 53675.69710339 10.08 267.565365  44.574302 10.787
 42   203.792 53675.69710403 19.48 267.564165  44.571052 10.787
 42   204.110 53675.69710468 26.18 267.562955  44.567792 10.787
 45   225.256 53780.69697505 13.76 267.572774  44.569544  7.733
 45   223.556 53780.69697570 16.96 267.571574  44.566284  7.733
 46   225.447 53815.69694333  2.47 267.565460  44.575182  5.697
 46   204.383 53815.69694397 15.38 267.564260  44.571922  5.697
 46   202.327 53815.69694462 20.58 267.563060  44.568672  5.697
 49   203.595 53920.69708841 31.56 267.562011  44.575086 21.476
 49   203.191 53920.69708905 24.48 267.560811  44.571826 21.476
 49   204.467 53920.69708970 23.10 267.559601  44.568576 21.476
 77   335.728 54900.69694679  1.02 267.566786  44.576674  2.771
 77   333.843 54900.69694743  0.89 267.565586  44.573424  2.771
 77   327.361 54900.69694808  1.89 267.564386  44.570164  2.771
 77   324.739 54900.69694872  2.66 267.563186  44.566914  2.771
 85   217.180 55180.69686578 10.08 267.576261  44.572202  8.508
 85   204.361 55180.69686642 20.24 267.575051  44.568952  8.508
 85   203.853 55180.69686707 29.59 267.573851  44.565692  8.508
