#   13.000  -0.086   2.206 ;Mean Elev.(m), Avg Gradient(m/km), RMS Gradient(m/km) - SRTM1     
#    0.000   0.000   0.000 ;Mean Elev.(m), Avg Gradient(m/km), RMS Gradient(m/km) - ASTER GDEM
#   13.852  -0.099   2.237 ;Mean Elev.(m), Avg Gradient(m/km), RMS Gradient(m/km) - GMTED2010 
  8    12.112 52492.68563129 19.83 268.402099  31.264215 20.100
  8    11.632 52492.68563194 16.37 268.401199  31.260925 20.100
 10    11.856 52562.68565610 12.27 268.399281  31.264115 20.003
 10    10.609 52562.68565674 12.37 268.398371  31.260835 20.003
 12    13.913 52632.68561927 19.48 268.396114  31.264597 23.443
 12    11.023 52632.68561991 21.51 268.395204  31.261317 23.443
 13    11.773 52667.68563673 25.38 268.392870  31.265989 19.147
 13     8.121 52667.68563737 26.16 268.391960  31.262709 19.147
 14    16.255 52702.68561090 37.71 268.404087  31.263518 27.310
 14    16.092 52702.68561154 36.29 268.403177  31.260228 27.310
 16    12.689 52772.68561493 25.45 268.394059  31.263935 22.101
 16    12.050 52772.68561557 21.42 268.393149  31.260655 22.101
 17    13.917 52807.68567483 33.92 268.395266  31.264208 28.865
 17    13.998 52807.68567548 35.83 268.394356  31.260928 28.865
 18    11.997 52842.68573306 24.74 268.397123  31.264136 29.768
 18    11.585 52842.68573370 21.53 268.396213  31.260856 29.768
 19     8.856 52877.68577107 34.05 268.394910  31.266774 12.933
 19     8.643 52877.68577172 33.24 268.394000  31.263494 12.933
 19     8.636 52877.68577236 35.25 268.393090  31.260204 12.933
 20    11.644 52912.68572977 13.14 268.398904  31.264491 13.158
 20    10.943 52912.68573041  9.88 268.397994  31.261201 13.158
 21     6.664 52947.68568721 42.00 268.403940  31.263890 13.924
 21     6.877 52947.68568786 40.55 268.403030  31.260610 13.924
 23    12.542 53017.68571642 45.04 268.392600  31.265999 20.524
 23    12.491 53017.68571706 42.14 268.391690  31.262719 20.524
 24    14.808 53052.68569732 36.17 268.400414  31.263647 33.660
 24    15.078 53052.68569797 39.89 268.399504  31.260367 33.660
 25    15.723 53087.68573395 36.21 268.384653  31.267586 35.519
 25    15.562 53087.68573460 33.42 268.383743  31.264306 35.519
 26    12.955 53122.68570415 27.67 268.396015  31.263743 29.252
 26    12.590 53122.68570480 24.34 268.395105  31.260463 29.252
 27    11.832 53157.68576075 25.47 268.389574  31.265641 20.719
 27    12.032 53157.68576139 19.52 268.388664  31.262351 20.719
 28    15.631 53192.68575416 34.45 268.398661  31.264035 33.340
 28    15.536 53192.68575480 30.82 268.397761  31.260745 33.340
 30    10.321 53262.68572600 15.18 268.388386  31.265388 18.500
 30     8.616 53262.68572665 26.00 268.387476  31.262108 18.500
 31    10.678 53297.68576393 11.90 268.387610  31.266338 15.539
 31     9.554 53297.68576458 13.10 268.386700  31.263058 15.539
 33    16.230 53367.68567994 40.26 268.394043  31.265406 33.440
 33    15.917 53367.68568059 35.92 268.393133  31.262126 33.440
 34    17.958 53402.68570879 33.72 268.396138  31.264841 34.502
 34    17.921 53402.68570944 36.40 268.395228  31.261561 34.502
 35    15.239 53437.68569768 33.50 268.393507  31.265235 35.787
 35    15.077 53437.68569833 33.47 268.392597  31.261955 35.787
 36    14.398 53472.68575215 29.68 268.392739  31.265066 29.990
 36    14.108 53472.68575279 26.12 268.391829  31.261786 29.990
 37    11.323 53507.68577903 50.65 268.393242  31.267344 21.246
 37    11.290 53507.68577967 51.89 268.392332  31.264064 21.246
 37    11.203 53507.68578032 51.80 268.391432  31.260774 21.246
 38    10.807 53542.68578795 50.44 268.391276  31.267059 19.851
 38    10.771 53542.68578860 52.35 268.390376  31.263769 19.851
 38    10.943 53542.68578924 51.96 268.389466  31.260489 19.851
 39     7.948 53577.68577372 20.18 268.391147  31.266101 15.396
 39     7.971 53577.68577436 20.66 268.390247  31.262811 15.396
 42     6.345 53682.68574682 30.30 268.388752  31.266915  9.823
 42     6.359 53682.68574747 31.19 268.387842  31.263635  9.823
 43     7.818 53717.68567433 45.68 268.395157  31.264540 13.186
 43     7.914 53717.68567497 46.21 268.394247  31.261260 13.186
 44    14.045 53752.68559428 17.54 268.404242  31.264187  9.787
 44    14.553 53752.68559492 16.08 268.403332  31.260907  9.787
 45    12.201 53787.68562441 23.67 268.397892  31.265038 19.194
 45    11.735 53787.68562505 22.27 268.396982  31.261758 19.194
 46    14.429 53822.68557911 31.02 268.402659  31.262233 20.842
 46    14.528 53822.68557976 34.03 268.401759  31.258953 20.842
 47    12.068 53857.68567105 24.06 268.392200  31.264488 18.267
 47    12.221 53857.68567169 18.48 268.391290  31.261208 18.267
 48    11.430 53892.68568500 20.06 268.399492  31.263043 17.991
 48    10.522 53892.68568564 19.77 268.398582  31.259763 17.991
 49     7.529 53927.68574394 25.30 268.385212  31.266517 16.316
 49     7.623 53927.68574458 25.22 268.384312  31.263227 16.316
 50     5.528 53962.68572694 21.66 268.387137  31.268703 11.149
 50     5.338 53962.68572758 25.47 268.386237  31.265413 11.149
 50     5.609 53962.68572823 31.46 268.385327  31.262133 11.149
 51     5.939 53997.68567359 17.92 268.402501  31.263010  8.902
 51     5.693 53997.68567423 16.91 268.401591  31.259720  8.902
 52     7.627 54032.68572400 16.45 268.398760  31.263514  6.922
 52     7.721 54032.68572464 17.18 268.397850  31.260234  6.922
 54    12.125 54102.68567720 37.00 268.391313  31.265546 11.651
 54    12.015 54102.68567784 35.05 268.390403  31.262266 11.651
 55    15.439 54137.68564594 38.07 268.396854  31.266340 36.273
 55    15.153 54137.68564658 32.62 268.395954  31.263050 36.273
 55    15.435 54137.68564723 40.31 268.395044  31.259770 36.273
 56    13.887 54172.68565454 32.76 268.392317  31.266923 28.710
 56    13.636 54172.68565519 26.22 268.391407  31.263643 28.710
 56    13.207 54172.68565583 22.35 268.390497  31.260353 28.710
 57    13.989 54207.68565179 47.10 268.395746  31.265143 26.487
 57    13.932 54207.68565244 47.99 268.394836  31.261863 26.487
 58    14.044 54242.68568368 31.34 268.395467  31.265230 28.262
 58    13.769 54242.68568432 27.34 268.394567  31.261940 28.262
 59    11.809 54277.68569734 25.41 268.395703  31.266578 15.451
 59    11.463 54277.68569798 20.56 268.394803  31.263288 15.451
 59    10.898 54277.68569863 19.93 268.393893  31.260008 15.451
 60    10.814 54312.68569824 48.65 268.395872  31.264854 25.580
 60    10.746 54312.68569889 50.45 268.394972  31.261564 25.580
 61     8.561 54347.68566965 24.09 268.393199  31.267416 10.860
 61     8.370 54347.68567029 25.64 268.392299  31.264126 10.860
 61     8.191 54347.68567093 25.95 268.391389  31.260846 10.860
 62    10.519 54382.68563574 13.84 268.397059  31.264146 11.353
 62     9.163 54382.68563639 13.59 268.396149  31.260866 11.353
 63     7.435 54417.68561962 44.02 268.392721  31.265280 13.806
 63     7.477 54417.68562026 45.51 268.391811  31.262000 13.806
 64     9.433 54452.68560549 41.95 268.397712  31.263894 17.782
 64     9.398 54452.68560613 44.40 268.396802  31.260614 17.782
 65    12.295 54487.68561722 27.82 268.395863  31.265284 18.172
 65    12.303 54487.68561787 24.76 268.394953  31.262004 18.172
 66    15.739 54522.68561837 39.38 268.397838  31.265619 29.805
 66    15.546 54522.68561902 36.68 268.396938  31.262339 29.805
 66    15.152 54522.68561966 34.41 268.396028  31.259049 29.805
 67    17.625 54557.68562719 40.38 268.392504  31.264553 29.532
 67    17.303 54557.68562783 37.09 268.391604  31.261273 29.532
 68    18.694 54592.68561413 40.41 268.395081  31.265636 27.921
 68    18.475 54592.68561477 38.33 268.394171  31.262346 27.921
 69    15.545 54627.68562983 34.99 268.393999  31.265149 22.098
 69    15.292 54627.68563048 35.25 268.393099  31.261869 22.098
 70    16.265 54662.68563733 47.25 268.393046  31.264707 27.040
 70    16.183 54662.68563797 47.37 268.392146  31.261427 27.040
 71    12.247 54697.68561154 23.86 268.394294  31.266104 17.437
 71    11.698 54697.68561219 20.85 268.393384  31.262814 17.437
 72    12.089 54732.68559426 31.47 268.396723  31.264147 20.065
 72    12.160 54732.68559490 30.40 268.395823  31.260867 20.065
 73    11.215 54767.68559169 20.20 268.394874  31.264686 19.054
 73     7.113 54767.68559233 22.63 268.393964  31.261396 19.054
 74     6.736 54802.68558778 21.79 268.396284  31.266478 21.602
 74     7.161 54802.68558842 24.20 268.395384  31.263198 21.602
 74     7.250 54802.68558906 41.87 268.394474  31.259908 21.602
 75    13.787 54837.68558425 29.24 268.394764  31.264606 18.390
 75    13.718 54837.68558489 26.83 268.393864  31.261326 18.390
 76    12.271 54872.68558698 26.29 268.396635  31.266430 25.283
 76    11.755 54872.68558762 21.75 268.395735  31.263150 25.283
 76    11.468 54872.68558827 18.77 268.394825  31.259860 25.283
 77    12.359 54907.68559126 29.92 268.390821  31.267853 14.811
 77    12.228 54907.68559191 24.60 268.389921  31.264573 14.811
 77    12.257 54907.68559255 22.92 268.389011  31.261283 14.811
 78    15.848 54942.68557935 38.30 268.395820  31.265856 29.620
 78    15.634 54942.68558000 35.20 268.394910  31.262566 29.620
 78    15.110 54942.68558064 31.38 268.394010  31.259286 29.620
 79    19.167 54977.68560700 40.35 268.394221  31.266560 28.413
 79    18.824 54977.68560764 38.09 268.393311  31.263270 28.413
 79    18.869 54977.68560829 35.49 268.392411  31.259990 28.413
 80    15.178 55012.68561458 34.63 268.393931  31.265743 22.741
 80    14.956 55012.68561522 30.12 268.393031  31.262463 22.741
 81    12.504 55047.68560654 26.03 268.396117  31.266355 17.006
 81    12.245 55047.68560718 18.59 268.395207  31.263065 17.006
 81    11.758 55047.68560783 18.24 268.394307  31.259785 17.006
 82     8.806 55082.68557761 24.36 268.392492  31.267069 10.637
 82     8.708 55082.68557825 25.06 268.391582  31.263779 10.637
 82     8.675 55082.68557890 25.99 268.390682  31.260499 10.637
 83    12.222 55117.68553941 47.71 268.397211  31.263262 16.335
 83    12.201 55117.68554005 48.15 268.396301  31.259972 16.335
 84    16.749 55152.68553613 36.94 268.393410  31.266738 27.949
 84    16.321 55152.68553678 33.55 268.392510  31.263458 27.949
 84    16.206 55152.68553742 33.47 268.391600  31.260168 27.949
 85    14.948 55187.68552642 31.76 268.396089  31.264569 28.680
 85    14.989 55187.68552706 30.94 268.395189  31.261289 28.680
 86    13.208 55222.68553499 27.49 268.393899  31.267044 18.931
 86    12.974 55222.68553564 24.86 268.392999  31.263764 18.931
 86    15.605 55222.68553628 20.48 268.392089  31.260474 18.931
 87    15.035 55257.68552278 32.00 268.396113  31.263864 31.739
 87    14.635 55257.68552342 31.38 268.395203  31.260574 31.739
 88    16.815 55292.68552241 37.67 268.392113  31.266592 33.615
 88    16.308 55292.68552305 34.58 268.391203  31.263302 33.615
 89    15.295 55327.68550598 35.28 268.392922  31.264794 27.860
 89    14.978 55327.68550662 30.83 268.392012  31.261504 27.860
 90    14.164 55362.68550189 31.05 268.393381  31.265567 23.964
 90    13.965 55362.68550254 26.42 268.392481  31.262287 23.964
 91    14.135 55397.68550997 32.15 268.396243  31.264216 24.854
 91    13.821 55397.68551062 26.64 268.395343  31.260936 24.854
 92    11.857 55432.68551704 48.04 268.396661  31.265087 22.684
 92    11.770 55432.68551769 47.84 268.395751  31.261797 22.684
 93    10.935 55467.68547583 19.65 268.392327  31.265109 12.048
 93     8.720 55467.68547648 21.25 268.391427  31.261829 12.048
