#   84.000  -0.017   2.787 ;Mean Elev.(m), Avg Gradient(m/km), RMS Gradient(m/km) - SRTM1     
#    0.000   0.000   0.000 ;Mean Elev.(m), Avg Gradient(m/km), RMS Gradient(m/km) - ASTER GDEM
#   84.554   0.006   2.875 ;Mean Elev.(m), Avg Gradient(m/km), RMS Gradient(m/km) - GMTED2010 
  7 270.647846  36.587546    83.127    83.164  3 52473.68263054 22.241
  8 270.652951  36.590427    82.106    82.028  4 52508.68259727 22.922
  9 270.666072  36.597650    83.902    83.843  4 52543.68258656 15.246
 10 270.650762  36.589275    82.488    82.445  4 52578.68263399 22.101
 11 270.645649  36.584727    82.878    82.906  3 52613.68260085 22.667
 12 270.658259  36.593277    86.869    86.835  3 52648.68258040 48.417
 13 270.659027  36.594822    83.894    83.946  3 52683.68255791 25.317
 14 270.651932  36.589686    87.580    87.773  4 52718.68261441 24.010
 16 270.659061  36.594037    89.749    89.786  3 52788.68258453 30.768
 17 270.659365  36.595150    85.461    84.223  3 52823.68265543 30.218
 18 270.660998  36.594953    84.809    84.780  3 52858.68270186 28.606
 19 270.649460  36.588272    86.085    86.055  3 52893.68273493 25.876
 20 270.643757  36.583700    83.158    83.234  4 52928.68268652 30.516
 21 270.664558  36.596707    86.581    86.648  4 52963.68266504 27.336
 22 270.646769  36.586208    86.268    86.297  3 52998.68270500 44.828
 23 270.645408  36.585269    85.491    85.470  4 53033.68265848 31.923
 24 270.657077  36.594159    84.519    84.518  3 53068.68267125 33.681
 25 270.642803  36.583244    87.158    87.184  4 53103.68266088 25.903
 26 270.659470  36.593513    84.341    84.359  3 53138.68267542 40.302
 27 270.653660  36.591844    88.360    88.339  3 53173.68271697 31.029
 28 270.650220  36.588652    85.078    84.668  4 53208.68273401 20.979
 29 270.653890  36.591320    83.444    83.432  4 53243.68270102 27.223
 30 270.658492  36.592890    86.364    86.272  3 53278.68267821 22.853
 31 270.652708  36.589890    84.749    84.805  3 53313.68270598 18.672
 32 270.655431  36.593026    90.037    90.112  3 53348.68267107 28.212
 33 270.659061  36.592843    91.918    91.891  3 53383.68264194 35.787
 34 270.662724  36.594940    88.567    88.591  3 53418.68265019 29.171
 35 270.663333  36.595815    84.279    84.216  3 53453.68265451 33.341
 36 270.644372  36.583597    85.866    85.683  3 53488.68274234 24.545
 37 270.657406  36.593186    83.690    83.665  3 53523.68272806 28.688
 38 270.643185  36.583542    82.739    82.705  3 53558.68275680 50.543
 39 270.657802  36.593141    80.551    80.538  3 53593.68269205 28.157
 40 270.653070  36.589791    80.503    80.517  3 53628.68268457 39.405
 41 270.650691  36.589079    81.981    81.874  4 53663.68270935 17.773
 42 270.652600  36.590710    82.590    82.595  3 53698.68266938 20.812
 43 270.653419  36.591158    81.785    81.786  4 53733.68259163 31.595
 44 270.662427  36.595229    88.461    88.382  3 53768.68257205 25.216
 45 270.654678  36.591490    85.523    85.086  4 53803.68256991 29.120
 46 270.657930  36.593355    87.130    87.110  4 53838.68258665 31.630
 47 270.656165  36.592203    84.932    84.953  3 53873.68263496 18.511
 48 270.649489  36.588168    81.687    81.694  3 53908.68267916 43.718
 49 270.640864  36.581133    83.522    83.498  3 53943.68270468 23.938
 50 270.646787  36.586795    81.138    81.126  3 53978.68265412 44.063
 51 270.662102  36.595168    83.316    83.163  4 54013.68266356 25.268
 52 270.662671  36.595890    85.445    85.464  3 54048.68267091 27.200
 54 270.646487  36.585582    89.468    89.481  3 54118.68259502 31.446
 55 270.652263  36.589778    83.385    83.280  3 54153.68261951 22.762
 56 270.648268  36.586881    88.362    88.366  4 54188.68258978 31.097
 57 270.654423  36.591496    87.080    87.067  3 54223.68262901 42.762
 58 270.653848  36.590225    84.435    84.539  3 54258.68265068 17.910
 59 270.655748  36.593055    82.672    82.678  3 54293.68265344 51.248
 60 270.654701  36.592216    81.565    81.486  3 54328.68264816 36.030
 61 270.648074  36.587171    81.589    80.985  4 54363.68259659 27.849
 62 270.657076  36.593079    85.296    85.263  3 54398.68258833 18.493
 63 270.651496  36.590253    88.143    90.436  3 54433.68254691 19.000
 64 270.660093  36.595420    85.146    85.136  3 54468.68257045 37.311
 65 270.651282  36.589706    87.050    87.026  4 54503.68256251 28.815
 66 270.655472  36.592268    90.114    90.104  4 54538.68258651 29.954
 67 270.650583  36.588448    92.539    92.537  3 54573.68256317 37.741
 68 270.654171  36.591085    90.315    90.267  3 54608.68257953 47.727
 69 270.652709  36.590741    88.704    88.670  3 54643.68258807 29.923
 70 270.652758  36.590674    86.166    86.117  4 54678.68258954 24.691
 71 270.650603  36.588413    83.033    82.764  3 54713.68254249 19.150
 72 270.654725  36.591137    81.817    81.767  3 54748.68255925 46.989
 73 270.652991  36.590717    81.996    81.715  4 54783.68252980 25.775
 74 270.656494  36.592599    86.284    86.317  3 54818.68255111 51.968
 75 270.652629  36.590157    84.220    84.237  3 54853.68252674 26.932
 76 270.652003  36.590384    85.791    85.720  3 54888.68255674 23.647
 77 270.645162  36.584259    88.880    88.897  3 54923.68252769 35.286
 78 270.654520  36.591014    90.802    90.900  3 54958.68255304 31.104
 79 270.650308  36.588214    86.934    86.760  4 54993.68257636 26.939
 80 270.652830  36.590290    84.204    84.187  3 55028.68256608 40.471
 81 270.653762  36.590778    83.353    83.376  3 55063.68255756 24.735
 82 270.645855  36.585501    83.311    83.317  4 55098.68250476 46.070
 83 270.655476  36.592839    87.501    87.507  3 55133.68250172 39.504
 84 270.652922  36.590877    84.958    84.912  3 55168.68246670 26.020
 85 270.655382  36.593094    86.111    86.102  3 55203.68249418 22.546
 86 270.648957  36.587657    89.666    89.637  4 55238.68247505 30.274
 87 270.652742  36.591159    89.445    89.430  3 55273.68248839 28.120
 88 270.649616  36.587774    85.257    85.275  3 55308.68245732 39.395
 89 270.655330  36.591600    90.156    90.190  3 55343.68245674 32.566
 90 270.652221  36.590511    88.610    88.605  3 55378.68245175 34.439
 91 270.657166  36.593853    86.695    86.681  3 55413.68247549 30.520
 92 270.653602  36.591534    84.069    84.060  3 55448.68246472 24.982
 93 270.648732  36.588225    84.328    84.326  3 55483.68239312 33.472
