#   99.035  -4.407  14.944 ;Mean Elev.(m), Avg Gradient(m/km), RMS Gradient(m/km) - SRTM1     
#    0.000   0.000   0.000 ;Mean Elev.(m), Avg Gradient(m/km), RMS Gradient(m/km) - ASTER GDEM
#   99.034  -4.471  15.237 ;Mean Elev.(m), Avg Gradient(m/km), RMS Gradient(m/km) - GMTED2010 
  7 271.555183  37.201578    98.920    98.921  4 52454.68050781 21.941
  8 271.560915  37.194130    98.118    98.036  4 52489.68048548 29.273
  9 271.555777  37.201566    97.980    97.960  4 52524.68046165 20.025
 10 271.558483  37.199375   100.233   100.206  4 52559.68051132 34.616
 11 271.553589  37.205372   100.272    98.860  3 52594.68051538 20.419
 12 271.563086  37.189253   100.795   101.193  5 52629.68044860 24.132
 14 271.563579  37.180788   101.475   101.510  3 52699.68045476 38.577
 15 271.561042  37.192056   101.382   101.398  5 52734.68048204 16.473
 16 271.554777  37.204445   129.709   132.150  3 52769.68047180  3.071
 17 271.560843  37.193481    98.967    98.839  5 52804.68050606 27.188
 18 271.561174  37.192278    98.066    98.053  5 52839.68056812 30.427
 19 271.561203  37.200215   100.399   100.399  2 52874.68060603 39.551
 20 271.560511  37.194398    98.799    98.602  5 52909.68058131 21.039
 23 271.556196  37.204650   100.146   100.166  3 53014.68056641 27.492
 25 271.551717  37.207104   101.095   100.171  3 53084.68057519 19.579
 27 271.555380  37.202410    99.365    99.054  3 53154.68059813 20.844
 28 271.562348  37.189215    98.883    98.907  4 53189.68059032 18.459
 30 271.553059  37.205484    97.926    97.929  4 53259.68057420 28.242
 33 271.559343  37.199832    99.601    99.633  3 53364.68052554 23.272
 34 271.558312  37.193306   100.457   100.447  3 53399.68055110 31.342
 35 271.557941  37.197945    99.879    99.737  5 53434.68054053 20.732
 36 271.559218  37.196884    99.630    99.302  5 53469.68058452 29.835
 38 271.557909  37.202724    99.628    99.628  2 53539.68062435 16.331
 39 271.554854  37.203718    98.051    98.013  3 53574.68062041 18.616
 40 271.555023  37.206693    99.433    99.636  3 53609.68057013 25.140
 41 271.560881  37.193592    98.284    98.307  4 53644.68057526 39.111
 42 271.554342  37.204953    99.871    99.834  3 53679.68059094 15.735
 43 271.558707  37.198358   129.467   131.121  4 53714.68052016  3.777
 44 271.564630  37.184353    99.672    99.428  4 53749.68043829 22.705
 45 271.560460  37.194714   100.280   100.305  4 53784.68046696 16.746
 46 271.556929  37.201079    99.621    99.481  4 53819.68042588 21.448
 47 271.557557  37.200364    99.129    98.976  4 53854.68050792 18.447
 49 271.552569  37.208155    98.188    98.080  3 53924.68058171 38.096
 50 271.552316  37.207422    98.139    98.185  4 53959.68057177 32.022
 51 271.565009  37.186708    98.677    98.672  3 53994.68050866 23.485
 54 271.556058  37.202055    99.809   100.156  4 54099.68052322 24.352
 57 271.559151  37.190515    99.964   100.305  3 54204.68048896 31.845
 59 271.558597  37.195861    98.169    98.189  4 54274.68053878 25.698
 61 271.556991  37.200240    98.107    98.037  4 54344.68051597 25.509
 62 271.560203  37.194179    97.841    97.846  4 54379.68047679 22.182
 63 271.557438  37.198605    98.309    98.171  4 54414.68046475 24.836
 64 271.562257  37.198397    99.969    99.969  2 54449.68044327 35.643
 66 271.560213  37.190855    98.942    99.006  3 54519.68045835 30.678
 71 271.558197  37.199946   100.860   100.978  4 54694.68045731 17.881
 72 271.560529  37.193916    98.054    97.854  5 54729.68043364 22.612
 73 271.558415  37.197768    98.498    98.457  4 54764.68043636 23.444
 74 271.562001  37.199455   100.299   100.299  2 54799.68042626 21.420
 75 271.557774  37.197565    99.621    99.775  4 54834.68042707 23.732
 77 271.554908  37.203161    99.419    98.871  3 54904.68043535 24.889
 78 271.559333  37.192956   100.551   100.753  3 54939.68041563 17.427
 79 271.558424  37.196062    98.279    98.281  4 54974.68044551 37.389
 80 271.556892  37.198528    98.136    98.078  4 55009.68045811 34.388
 82 271.556716  37.200009   101.356   101.486  4 55079.68042386 41.436
 84 271.557952  37.200236    99.376    99.371  4 55149.68038025 22.141
 86 271.557835  37.202403   100.331   100.331  2 55219.68037780 24.037
 87 271.560982  37.193383    99.493    99.310  4 55254.68036130 20.024
 91 271.559751  37.195546    98.579    97.862  5 55394.68034959 19.251
 92 271.559751  37.195832    98.176    98.115  4 55429.68036041 22.782
 93 271.557432  37.200609    98.290    98.262  4 55464.68032217 21.863
