#   40.000  -0.086   4.469 ;Mean Elev.(m), Avg Gradient(m/km), RMS Gradient(m/km) - SRTM1     
#    0.000   0.000   0.000 ;Mean Elev.(m), Avg Gradient(m/km), RMS Gradient(m/km) - ASTER GDEM
#   40.737  -0.130   4.559 ;Mean Elev.(m), Avg Gradient(m/km), RMS Gradient(m/km) - GMTED2010 
  8 269.263969  34.307046    41.590    41.686  3 52492.68503368 26.922
 10 269.262894  34.311840    42.730    42.735  4 52562.68505752 24.544
 12 269.260732  34.315557    47.995    47.931  4 52632.68502004 30.357
 13 269.257203  34.316987    45.353    46.317  4 52667.68503750 23.073
 14 269.265403  34.302963    50.625    50.642  3 52702.68501393 39.836
 16 269.258943  34.318387    49.790    49.770  4 52772.68501506 32.012
 17 269.260451  34.316818    47.957    47.927  3 52807.68507528 29.921
 18 269.261770  34.315113    46.247    45.768  4 52842.68513383 29.211
 19 269.259426  34.317781    44.645    44.556  4 52877.68517185 29.658
 20 269.261955  34.312277    44.423    43.743  4 52912.68513119 26.250
 21 269.265457  34.303329    41.332    41.354  3 52947.68509024 35.183
 23 269.256702  34.317093    47.830    47.816  4 53017.68511719 28.738
 24 269.263147  34.308007    48.919    48.928  4 53052.68509939 37.966
 25 269.251577  34.328476    47.985    47.985  2 53087.68513279 30.311
 26 269.260609  34.314787    47.736    47.732  4 53122.68510493 29.016
 27 269.255029  34.319929    47.856    47.840  4 53157.68516088 27.997
 28 269.262006  34.311755    47.106    46.962  4 53192.68515558 29.562
 30 269.254694  34.324691    47.073    46.599  3 53262.68512516 27.927
 31 269.254088  34.323863    46.330    46.330  2 53297.68516342 25.213
 33 269.258435  34.318098    47.913    47.965  3 53367.68508039 24.377
 34 269.260634  34.315805    51.466    51.440  4 53402.68510957 33.062
 35 269.258005  34.317929    47.602    47.466  3 53437.68509814 29.064
 36 269.258252  34.319357    48.949    48.957  4 53472.68515228 31.528
 37 269.257625  34.318436    43.390    43.393  4 53507.68517980 49.875
 38 269.255597  34.318070    45.595    45.192  4 53542.68518873 39.953
 39 269.255726  34.318771    44.531    44.896  5 53577.68517417 31.959
 42 269.254431  34.322839    40.002    39.954  3 53682.68514663 30.185
 43 269.259627  34.317233    44.802    45.267  3 53717.68507478 18.951
 44 269.265130  34.302014    45.578    45.578  2 53752.68499763 24.019
 45 269.261153  34.312777    42.943    42.934  4 53787.68502583 32.925
 46 269.264730  34.303374    46.666    46.643  4 53822.68498182 45.929
 47 269.257670  34.318782    46.702    46.648  4 53857.68507117 25.551
 48 269.262973  34.310813    43.774    43.666  4 53892.68508642 40.702
 49 269.252494  34.327414    44.042    44.042  2 53927.68514277 31.370
 50 269.253208  34.326299    40.581    40.581  2 53962.68512642 23.398
 51 269.264155  34.302514    41.414    41.420  3 53997.68507661 27.706
 52 269.262335  34.311190    42.510    42.515  4 54032.68512541 25.734
 54 269.256231  34.319952    46.333    46.236  4 54102.68507732 26.542
 55 269.260983  34.315685    47.067    47.190  3 54137.68504703 23.981
 56 269.256405  34.317924    48.444    48.451  4 54172.68505532 45.069
 57 269.260369  34.316168    46.890    46.821  4 54207.68505256 38.071
 58 269.259843  34.316310    46.627    46.519  4 54242.68508445 26.859
 59 269.259613  34.315912    43.483    41.939  3 54277.68509843 26.946
 60 269.260182  34.315865    41.963    40.672  4 54312.68509902 34.995
 61 269.257226  34.318517    43.341    43.361  4 54347.68507042 24.376
 62 269.261594  34.315128    39.753    39.757  4 54382.68503651 24.509
 63 269.257790  34.319613    41.006    41.004  4 54417.68501974 27.972
 64 269.261927  34.313225    46.806    47.360  3 54452.68500658 17.027
 65 269.260139  34.316293    46.660    46.677  4 54487.68501799 28.344
 66 269.261405  34.313319    49.005    48.948  4 54522.68501979 29.254
 67 269.257547  34.318940    52.652    52.635  4 54557.68502731 34.952
 68 269.259976  34.318312    49.161    49.147  3 54592.68501458 39.517
 69 269.258748  34.317772    47.834    47.799  3 54627.68503029 29.272
 70 269.258395  34.319018    48.499    48.440  4 54662.68503746 41.313
 71 269.258373  34.317202    42.377    42.351  4 54697.68501232 45.749
 72 269.261310  34.315080    46.818    46.749  4 54732.68499503 28.362
 73 269.259616  34.317283    44.487    46.133  3 54767.68499214 23.608
 74 269.260454  34.315841    44.051    45.230  3 54802.68498887 21.825
 75 269.259546  34.317264    48.628    48.601  3 54837.68498470 26.988
 76 269.260724  34.315684    47.505    47.305  3 54872.68498807 21.343
 77 269.254850  34.318933    46.905    46.884  4 54907.68499204 44.207
 78 269.259943  34.315287    49.495    49.491  3 54942.68498045 44.928
 79 269.258578  34.317558    52.176    52.177  4 54977.68500777 38.596
 80 269.258690  34.318383    47.519    47.487  3 55012.68501503 28.740
 81 269.260044  34.315782    44.637    44.664  3 55047.68500764 32.170
 82 269.256465  34.318134    43.509    43.544  4 55082.68497838 35.562
 83 269.261742  34.314171    45.539    45.122  4 55117.68494018 26.370
 84 269.257668  34.317775    47.644    47.616  4 55152.68493691 28.847
 85 269.260693  34.315551    47.898    47.890  4 55187.68492719 26.198
 86 269.258147  34.317996    47.582    47.579  4 55222.68493577 34.857
 87 269.260539  34.314852    47.036    47.051  4 55257.68492355 26.425
 88 269.256157  34.317754    50.559    50.566  4 55292.68492318 31.138
 89 269.258234  34.319095    51.502    51.449  4 55327.68490611 32.272
 90 269.258023  34.318207    47.157    47.044  3 55362.68490234 25.893
 91 269.260827  34.315242    47.158    47.132  4 55397.68491075 25.266
 92 269.260516  34.314494    46.103    46.075  3 55432.68491814 43.563
 93 269.257149  34.319432    46.273    46.205  4 55467.68487596 25.613
