#   99.035  -4.407  14.944 ;Mean Elev.(m), Avg Gradient(m/km), RMS Gradient(m/km) - SRTM1     
#    0.000   0.000   0.000 ;Mean Elev.(m), Avg Gradient(m/km), RMS Gradient(m/km) - ASTER GDEM
#   99.034  -4.471  15.237 ;Mean Elev.(m), Avg Gradient(m/km), RMS Gradient(m/km) - GMTED2010 
  7    98.733 52454.68050684 14.93 271.556693  37.206488 10.427
  7    98.688 52454.68050749 16.66 271.555683  37.203218 10.427
  7    99.148 52454.68050813 18.05 271.554683  37.199938 10.427
  7    99.109 52454.68050878 26.85 271.553673  37.196668 10.427
  8    98.456 52489.68048452 32.18 271.562425  37.199045 12.725
  8    98.084 52489.68048516 28.42 271.561415  37.195765 12.725
  8    97.943 52489.68048581 26.33 271.560415  37.192495 12.725
  8    97.989 52489.68048645 27.83 271.559405  37.189215 12.725
  9    97.838 52524.68046069 17.02 271.557292  37.206478 25.970
  9    97.811 52524.68046133 19.60 271.556282  37.203198 25.970
  9    98.082 52524.68046198 18.80 271.555272  37.199928 25.970
  9    98.187 52524.68046262 22.67 271.554262  37.196658 25.970
 10   100.478 52559.68051035 35.87 271.559993  37.204285 13.108
 10   100.044 52559.68051100 34.22 271.558983  37.201015 13.108
 10   100.064 52559.68051164 33.78 271.557983  37.197735 13.108
 10   100.348 52559.68051229 34.29 271.556973  37.194465 13.108
 11   103.325 52594.68051474 14.11 271.554599  37.208649 18.209
 11    98.632 52594.68051538 18.72 271.553589  37.205369 18.209
 11    98.860 52594.68051603 23.62 271.552579  37.202099 18.209
 12   101.501 52629.68044731 26.06 271.565098  37.195799 13.286
 12   101.496 52629.68044796 24.07 271.564098  37.192529 13.286
 12   101.504 52629.68044860 22.80 271.563088  37.189249 13.286
 12    99.858 52629.68044925 23.55 271.562078  37.185979 13.286
 12    99.614 52629.68044989 23.40 271.561068  37.182709 13.286
 14   101.369 52699.68045411 35.74 271.564589  37.184065 19.650
 14   101.510 52699.68045476 36.32 271.563579  37.180785 19.650
 14   101.547 52699.68045540 41.33 271.562569  37.177515 19.650
 15   101.761 52734.68048075 15.61 271.563058  37.198601  8.611
 15   101.327 52734.68048139 14.70 271.562048  37.195331  8.611
 15   102.463 52734.68048204 16.26 271.561038  37.192051  8.611
 15   100.322 52734.68048268 17.83 271.560038  37.188781  8.611
 15   101.036 52734.68048333 17.25 271.559028  37.185511  8.611
 16   135.550 52769.68047115  2.05 271.555787  37.207715  9.381
 16   132.150 52769.68047180  1.96 271.554777  37.204445  9.381
 16   121.427 52769.68047244  4.64 271.553767  37.201175  9.381
 17   100.246 52804.68050477 29.23 271.562857  37.200028 17.633
 17    99.493 52804.68050542 26.66 271.561847  37.196758 17.633
 17    98.618 52804.68050606 24.76 271.560847  37.193478 17.633
 17    98.185 52804.68050671 26.61 271.559837  37.190208 17.633
 17    98.292 52804.68050735 27.47 271.558827  37.186928 17.633
 18    98.047 52839.68056683 25.81 271.563188  37.198825 15.802
 18    97.964 52839.68056747 26.37 271.562178  37.195555 15.802
 18    98.010 52839.68056812 30.89 271.561178  37.192275 15.802
 18    98.161 52839.68056876 29.81 271.560168  37.189005 15.802
 18    98.148 52839.68056941 34.01 271.559158  37.185725 15.802
 19   100.278 52874.68060571 39.91 271.561708  37.201850 18.375
 19   100.519 52874.68060635 39.16 271.560698  37.198580 18.375
 20    99.192 52909.68058002 20.22 271.562527  37.200951 12.673
 20    98.344 52909.68058067 17.78 271.561517  37.197671 12.673
 20    98.344 52909.68058131 19.66 271.560507  37.194401 12.673
 20    98.996 52909.68058196 21.62 271.559507  37.191121 12.673
 20    99.118 52909.68058260 23.66 271.558497  37.187851 12.673
 23   100.166 53014.68056577 29.18 271.557206  37.207927 14.581
 23   100.167 53014.68056641 26.51 271.556196  37.204647 14.581
 23   100.105 53014.68056706 26.11 271.555186  37.201377 14.581
 25   103.443 53084.68057454 17.56 271.552727  37.210374 15.295
 25   100.171 53084.68057519 18.01 271.551717  37.207104 15.295
 25    99.672 53084.68057583 21.82 271.550707  37.203834 15.295
 27   100.580 53154.68059748 18.36 271.556390  37.205683 24.394
 27    99.054 53154.68059813 20.24 271.555380  37.202413 24.394
 27    98.462 53154.68059877 22.79 271.554370  37.199133 24.394
 28    99.148 53189.68058935 19.82 271.563856  37.194128 12.833
 28    98.890 53189.68059000 17.89 271.562856  37.190848 12.833
 28    98.924 53189.68059064 17.18 271.561846  37.187578 12.833
 28    98.572 53189.68059129 18.50 271.560836  37.184308 12.833
 30    97.962 53259.68057323 24.42 271.554574  37.210392 14.415
 30    97.973 53259.68057388 26.16 271.553564  37.207122 14.415
 30    97.872 53259.68057452 27.10 271.552554  37.203852 14.415
 30    97.897 53259.68057517 31.66 271.551544  37.200572 14.415
 33    99.186 53364.68052489 22.82 271.560353  37.203102 11.556
 33    99.633 53364.68052554 22.88 271.559343  37.199832 11.556
 33    99.984 53364.68052618 24.01 271.558333  37.196562 11.556
 34   100.507 53399.68055046 29.49 271.559315  37.196583 16.931
 34   100.416 53399.68055110 30.96 271.558315  37.193303 16.931
 34   100.447 53399.68055175 32.90 271.557305  37.190033 16.931
 35   100.860 53434.68053924 20.57 271.559957  37.204498 14.640
 35   100.464 53434.68053988 19.85 271.558947  37.201218 14.640
 35    99.303 53434.68054053 20.74 271.557937  37.197948 14.640
 35    99.586 53434.68054117 20.16 271.556937  37.194668 14.640
 35    99.182 53434.68054182 22.01 271.555927  37.191398 14.640
 36   101.043 53469.68058323 33.86 271.561234  37.203428 15.428
 36    99.383 53469.68058388 24.78 271.560224  37.200158 15.428
 36    99.184 53469.68058452 25.00 271.559214  37.196888 15.428
 36    99.221 53469.68058517 27.48 271.558214  37.193608 15.428
 36    99.317 53469.68058581 30.81 271.557204  37.190338 15.428
 38   100.292 53539.68062403 16.01 271.558414  37.204359 15.286
 38    98.964 53539.68062467 16.63 271.557404  37.201089 15.286
 39    98.001 53574.68061977 15.96 271.555864  37.206991 22.828
 39    98.013 53574.68062041 17.83 271.554854  37.203721 22.828
 39    98.140 53574.68062106 20.72 271.553844  37.200441 22.828
 40    99.636 53609.68056948 22.49 271.556026  37.209966 18.005
 40    98.932 53609.68057013 25.42 271.555026  37.206696 18.005
 40    99.732 53609.68057077 26.57 271.554016  37.203416 18.005
 41    98.430 53644.68057429 37.20 271.562391  37.198502 24.048
 41    98.292 53644.68057493 27.75 271.561381  37.195232 24.048
 41    98.093 53644.68057558 40.42 271.560381  37.191952 24.048
 41    98.322 53644.68057622 41.97 271.559371  37.188682 24.048
 42    99.712 53679.68059029 13.33 271.555352  37.208226 18.527
 42    99.834 53679.68059094 15.39 271.554342  37.204956 18.527
 42   100.066 53679.68059158 17.50 271.553332  37.201676 18.527
 43   133.450 53714.68051919  3.18 271.560220  37.203273  9.353
 43   131.643 53714.68051984  2.29 271.559210  37.199993  9.353
 43   130.600 53714.68052048  2.70 271.558200  37.196723  9.353
 43   122.176 53714.68052113  5.92 271.557200  37.193443  9.353
 44   100.811 53749.68043733 22.96 271.566145  37.189263 11.801
 44    99.399 53749.68043797 23.62 271.565135  37.185993 11.801
 44    99.456 53749.68043862 21.08 271.564125  37.182713 11.801
 44    99.020 53749.68043926 22.78 271.563115  37.179443 11.801
 45    99.858 53784.68046599 18.53 271.561970  37.199624 20.274
 45   100.195 53784.68046663 13.78 271.560960  37.196354 20.274
 45   100.416 53784.68046728 15.61 271.559960  37.193074 20.274
 45   100.652 53784.68046792 17.60 271.558950  37.189804 20.274
 46   100.436 53819.68042492 22.92 271.558444  37.205989 16.636
 46    99.738 53819.68042556 20.00 271.557434  37.202719 16.636
 46    99.085 53819.68042620 21.17 271.556424  37.199439 16.636
 46    99.224 53819.68042685 21.19 271.555414  37.196169 16.636
 47   100.108 53854.68050695 18.73 271.559072  37.205274 15.297
 47    99.206 53854.68050760 15.67 271.558062  37.202004 15.297
 47    98.457 53854.68050824 16.68 271.557052  37.198724 15.297
 47    98.746 53854.68050889 20.85 271.556042  37.195454 15.297
 49    98.484 53924.68058107 37.73 271.553579  37.211432 21.754
 49    98.080 53924.68058171 31.95 271.552569  37.208152 21.754
 49    97.999 53924.68058236 40.74 271.551559  37.204882 21.754
 50    97.946 53959.68057080 29.35 271.553831  37.212337 17.784
 50    98.169 53959.68057145 29.34 271.552821  37.209057 17.784
 50    98.239 53959.68057209 34.11 271.551811  37.205787 17.784
 50    98.202 53959.68057274 33.17 271.550801  37.202507 17.784
 51    98.545 53994.68050802 25.57 271.566019  37.189978 14.402
 51    98.815 53994.68050866 21.50 271.565009  37.186708 14.402
 51    98.672 53994.68050931 22.24 271.563999  37.183438 14.402
 54   100.743 54099.68052226 21.30 271.557573  37.206965 19.373
 54    99.807 54099.68052290 23.82 271.556563  37.203695 19.373
 54   100.504 54099.68052355 20.62 271.555553  37.200415 19.373
 54    98.183 54099.68052419 27.77 271.554543  37.197145 19.373
 57   100.305 54204.68048832 28.79 271.560161  37.193788 13.724
 57   100.519 54204.68048896 28.86 271.559151  37.190518 13.724
 57    99.067 54204.68048961 34.86 271.558141  37.187238 13.724
 59    98.220 54274.68053782 21.41 271.560109  37.200768 20.469
 59    98.185 54274.68053846 22.41 271.559099  37.197498 20.469
 59    98.078 54274.68053910 24.27 271.558089  37.194228 20.469
 59    98.193 54274.68053975 29.57 271.557089  37.190948 20.469
 61    98.350 54344.68051500 24.52 271.558506  37.205150 26.684
 61    98.021 54344.68051564 21.02 271.557496  37.201880 26.684
 61    98.003 54344.68051629 23.70 271.556486  37.198600 26.684
 61    98.053 54344.68051693 28.91 271.555476  37.195330 26.684
 62    97.824 54379.68047583 19.42 271.561713  37.199089 23.901
 62    97.694 54379.68047647 18.73 271.560703  37.195819 23.901
 62    97.868 54379.68047712 21.08 271.559703  37.192539 23.901
 62    97.978 54379.68047776 25.69 271.558693  37.189269 23.901
 63    98.771 54414.68046378 21.09 271.558951  37.203513 23.002
 63    98.123 54414.68046442 23.32 271.557941  37.200243 23.002
 63    98.146 54414.68046507 22.77 271.556931  37.196973 23.002
 63    98.195 54414.68046571 28.36 271.555931  37.193693 23.002
 64    99.931 54449.68044294 37.00 271.562762  37.200037 14.255
 64   100.007 54449.68044359 33.66 271.561752  37.196757 14.255
 66    99.053 54519.68045771 29.60 271.561223  37.194132 11.867
 66    99.006 54519.68045835 29.60 271.560213  37.190852 11.867
 66    98.767 54519.68045900 32.26 271.559203  37.187582 11.867
 71   101.119 54694.68045634 17.62 271.559707  37.204856 19.417
 71   100.364 54694.68045699 17.17 271.558697  37.201586 19.417
 71   100.837 54694.68045763 17.74 271.557697  37.198306 19.417
 71   101.120 54694.68045828 18.82 271.556687  37.195036 19.417
 72    98.481 54729.68043235 19.74 271.562541  37.200466 20.289
 72    97.836 54729.68043299 17.86 271.561541  37.197186 20.289
 72    97.845 54729.68043364 19.87 271.560531  37.193916 20.289
 72    97.872 54729.68043428 23.12 271.559521  37.190646 20.289
 72    98.234 54729.68043492 26.58 271.558511  37.187366 20.289
 73    98.025 54764.68043539 19.59 271.559930  37.202676 21.255
 73    98.384 54764.68043603 21.76 271.558920  37.199406 21.255
 73    98.529 54764.68043668 22.07 271.557910  37.196136 21.255
 73    99.054 54764.68043732 26.83 271.556900  37.192856 21.255
 74   100.556 54799.68042594 22.56 271.562506  37.201090 18.141
 74   100.042 54799.68042658 19.87 271.561496  37.197820 18.141
 75    99.675 54834.68042611 25.27 271.559282  37.202480 17.973
 75    98.978 54834.68042675 20.78 271.558282  37.199200 17.973
 75    99.874 54834.68042740 20.83 271.557272  37.195930 17.973
 75    99.957 54834.68042804 25.65 271.556262  37.192650 17.973
 77   100.770 54904.68043471 27.19 271.555911  37.206438 17.787
 77    98.871 54904.68043535 23.26 271.554911  37.203158 17.787
 77    98.615 54904.68043600 22.77 271.553901  37.199888 17.787
 78   100.753 54939.68041498 16.51 271.560343  37.196229 19.730
 78   100.118 54939.68041563 17.72 271.559333  37.192959 19.730
 78   100.782 54939.68041627 17.92 271.558323  37.189679 19.730
 79    98.236 54974.68044454 34.72 271.559934  37.200977 16.887
 79    98.278 54974.68044519 37.29 271.558924  37.197697 16.887
 79    98.283 54974.68044583 39.02 271.557924  37.194427 16.887
 79    98.320 54974.68044648 37.50 271.556914  37.191147 16.887
 80    98.476 55009.68045715 37.40 271.558400  37.203441 19.741
 80    98.106 55009.68045779 34.58 271.557400  37.200161 19.741
 80    97.912 55009.68045844 31.50 271.556390  37.196891 19.741
 80    98.051 55009.68045908 30.82 271.555380  37.193621 19.741
 82   101.540 55079.68042290 34.60 271.558226  37.204919 19.691
 82   101.432 55079.68042354 40.24 271.557216  37.201649 19.691
 82   101.681 55079.68042419 43.03 271.556216  37.198369 19.691
 82   100.770 55079.68042483 43.45 271.555206  37.195099 19.691
 84    99.993 55149.68037928 21.20 271.559460  37.205149 17.916
 84    98.749 55149.68037993 20.05 271.558460  37.201869 17.916
 84    98.618 55149.68038057 21.96 271.557450  37.198599 17.916
 84   100.142 55149.68038122 24.23 271.556440  37.195329 17.916
 86   100.218 55219.68037748 25.56 271.558335  37.204043 18.019
 86   100.445 55219.68037813 21.67 271.557335  37.200763 18.019
 87    99.182 55254.68036034 20.34 271.562497  37.198293 12.292
 87   100.169 55254.68036098 17.87 271.561487  37.195023 12.292
 87    99.307 55254.68036163 20.28 271.560477  37.191743 12.292
 87    99.314 55254.68036227 21.01 271.559467  37.188473 12.292
 91   101.310 55394.68034830 16.60 271.561765  37.202096 20.627
 91    97.803 55394.68034894 18.85 271.560755  37.198816 20.627
 91    97.895 55394.68034959 19.64 271.559755  37.195546 20.627
 91    97.916 55394.68035023 20.06 271.558745  37.192276 20.627
 91    97.969 55394.68035088 20.21 271.557735  37.188996 20.627
 92    98.409 55429.68035944 17.78 271.561259  37.200745 19.917
 92    98.064 55429.68036009 18.90 271.560259  37.197465 19.917
 92    98.107 55429.68036073 23.11 271.559249  37.194195 19.917
 92    98.123 55429.68036138 26.20 271.558239  37.190925 19.917
 93    98.489 55464.68032120 19.15 271.558942  37.205519 22.167
 93    98.148 55464.68032185 19.12 271.557932  37.202249 22.167
 93    98.225 55464.68032249 22.04 271.556932  37.198969 22.167
 93    98.298 55464.68032314 24.63 271.555922  37.195699 22.167
