#  201.000  -0.356  19.333 ;Mean Elev.(m), Avg Gradient(m/km), RMS Gradient(m/km) - SRTM1     
#    0.000   0.000   0.000 ;Mean Elev.(m), Avg Gradient(m/km), RMS Gradient(m/km) - ASTER GDEM
#  203.074  -0.242  18.682 ;Mean Elev.(m), Avg Gradient(m/km), RMS Gradient(m/km) - GMTED2010 
 13 267.568806  44.572346   205.111   205.155  3 52660.69698277 30.239
 14 267.577472  44.569703   315.384   317.143  3 52695.69696207  2.406
 15 267.573684  44.570615   204.015   203.263  3 52730.69699149 50.233
 28 267.577139  44.568665   258.543   258.543  2 53185.69709085 12.459
 30 267.559492  44.572001   204.804   205.066  4 53255.69709344 23.647
 40 267.562292  44.568519   204.229   204.229  2 53605.69708513 14.134
 42 267.564162  44.571049   204.211   204.110  3 53675.69710403 22.337
 45 267.572174  44.567914   224.406   224.406  2 53780.69697537 15.648
 46 267.564260  44.571925   210.719   204.383  3 53815.69694397 17.006
 49 267.560808  44.571829   203.751   203.595  3 53920.69708905 28.055
 77 267.564986  44.571794   330.418   330.602  4 54900.69694776  1.675
 85 267.575054  44.568949   208.465   204.361  3 55180.69686642 25.339
