#  102.002  -4.032  17.045 ;Mean Elev.(m), Avg Gradient(m/km), RMS Gradient(m/km) - SRTM1     
#    0.000   0.000   0.000 ;Mean Elev.(m), Avg Gradient(m/km), RMS Gradient(m/km) - ASTER GDEM
#  105.462  -4.154  17.143 ;Mean Elev.(m), Avg Gradient(m/km), RMS Gradient(m/km) - GMTED2010 
  7 271.872793  37.468807   101.188   101.188  2 52468.14326251 28.579
  8 271.873836  37.469835   101.774   101.774  2 52503.14325184 26.038
  9 271.869243  37.467195    98.202    98.202  2 52538.14323597 42.694
 10 271.870304  37.468287    98.539    98.539  2 52573.14327620 32.265
 12 271.869782  37.469478   101.775   101.775  2 52643.14323056 24.604
 14 271.868967  37.467993   101.782   101.782  2 52713.14325055 39.153
 15 271.867455  37.467416   102.040   102.040  2 52748.14327656 31.196
 16 271.866144  37.469570   103.889   103.889  2 52783.14321766 35.688
 17 271.866446  37.468789    99.674    99.674  2 52818.14329533 30.240
 18 271.872648  37.468567   100.422   100.422  2 52853.14334485 20.491
 21 271.875724  37.470221   107.607   107.607  2 52958.14329922 24.199
 23 271.881648  37.470569   102.666   102.666  2 53028.14328968 25.991
 25 271.871612  37.469786   108.853   108.853  2 53098.14331568 20.831
 28 271.871857  37.469267    99.796    99.796  2 53203.14337110 22.539
 30 271.869802  37.469442   102.774   102.774  2 53273.14329925 26.081
 31 271.866924  37.468793   107.815   107.815  2 53308.14335878 16.975
 33 271.871803  37.468655   110.395   110.395  2 53378.14326538 24.708
 35 271.868336  37.467020    99.001    99.001  2 53448.14328873 39.602
 38 271.868062  37.467773    99.341    99.341  2 53553.14339588 29.442
 41 271.869311  37.468764    98.226    98.226  2 53658.14334451 46.023
 44 271.877171  37.470068   103.426   103.426  2 53763.14320740 22.851
 45 271.880966  37.470074    98.362    98.362  2 53798.14321707 22.566
 47 271.869532  37.469902    97.773    97.773  2 53868.14327717 35.168
 48 271.872075  37.468307   100.784   100.784  2 53903.14330863 34.322
 49 271.863048  37.468990    97.952    97.952  2 53938.14334529 24.135
 50 271.873266  37.469585    99.787    99.787  2 53973.14330748 39.498
 52 271.876368  37.470212   103.045   103.045  2 54043.14331903 26.061
 56 271.878670  37.469677   104.360   104.360  2 54183.14323963 20.967
 57 271.870057  37.469989    99.989    99.989  2 54218.14326606 39.117
 58 271.872379  37.469703    99.910    99.910  2 54253.14329146 27.580
 63 271.877872  37.468990    99.092    99.092  2 54428.14319956 43.734
 65 271.877450  37.469351   100.247   100.247  2 54498.14320877 21.076
 66 271.875080  37.469048   104.049   104.049  2 54533.14322467 22.766
 68 271.873065  37.468259   100.477   100.477  2 54603.14321994 48.092
 69 271.873614  37.469738   100.266   100.266  2 54638.14323088 22.167
 72 271.873165  37.468884 14500.909 14500.909  2 54743.14319944 29.828
 73 271.877672  37.468938   102.697   102.697  2 54778.14317422 11.233
 74 271.871829  37.468768   100.410   100.410  2 54813.14319277 40.423
 75 271.876743  37.469835   100.383   100.383  2 54848.14317454 25.823
 76 271.872088  37.468380   103.159   103.159  2 54883.14319598 38.887
 80 271.876842  37.469565    99.184    99.184  2 55023.14320677 27.298
 82 271.878183  37.469333    99.080    99.080  2 55093.14315731 25.874
 83 271.873817  37.468993   114.760   114.760  2 55128.14314260 11.422
 84 271.876453  37.468637 14503.523 14503.523  2 55163.14311847 42.509
 85 271.871846  37.468560   102.579   102.579  2 55198.14313408 16.452
 86 271.876879  37.470050   104.557   104.557  2 55233.14312305 19.945
 87 271.874090  37.468797   107.363   107.363  2 55268.14312852 18.541
 89 271.874837  37.468384   102.371   102.371  2 55338.14310240 44.931
