#  137.000  -3.513   6.074 ;Mean Elev.(m), Avg Gradient(m/km), RMS Gradient(m/km) - SRTM1     
#    0.000   0.000   0.000 ;Mean Elev.(m), Avg Gradient(m/km), RMS Gradient(m/km) - ASTER GDEM
#  137.453  -3.558   6.583 ;Mean Elev.(m), Avg Gradient(m/km), RMS Gradient(m/km) - GMTED2010 
  7   140.279 52444.69001713 26.74 268.734668  39.661605  9.588
  7   140.218 52444.69001777 24.13 268.733608  39.658335  9.588
  7   139.133 52444.69001841 26.39 268.732543  39.655065  5.001
  8   140.502 52479.69001108 50.31 268.737321  39.655866 14.851
  8   140.049 52479.69001173 32.44 268.736261  39.652606 14.851
  8   139.484 52479.69001237 34.94 268.735191  39.649336 14.851
  9   139.831 52514.68995936 50.53 268.743000  39.649979 17.537
  9   139.330 52514.68996001 49.93 268.741940  39.646709 17.537
 10   140.249 52549.69000441 29.73 268.741794  39.651377 19.332
 10   139.121 52549.69000505 25.52 268.740734  39.648117 19.332
 10   139.585 52549.69000570 27.79 268.739674  39.644847 19.332
 11   139.810 52584.68998895 27.85 268.745826  39.647845 15.242
 11   139.236 52584.68998960 24.23 268.744766  39.644575 15.242
 12   140.696 52619.68996618 48.44 268.736173  39.658027 15.801
 12   139.440 52619.68996682 50.18 268.735103  39.654767 15.801
 12   139.489 52619.68996747 53.05 268.734043  39.651497 15.801
 13   139.668 52654.68995464 41.36 268.748206  39.645878 15.909
 13   139.172 52654.68995528 42.88 268.747146  39.642608 15.909
 15   139.602 52724.68999220 36.68 268.742935  39.652579 13.907
 15   139.476 52724.68999284 26.92 268.741875  39.649309 13.907
 15   139.539 52724.68999349 27.24 268.740815  39.646039 13.907
 16   141.497 52759.69000932 20.40 268.729952  39.663842  6.133
 16   141.525 52759.69000997 18.52 268.728892  39.660572  6.133
 16   141.216 52759.69001061 19.87 268.727832  39.657312  6.133
 17   139.609 52794.68996770 27.03 268.748018  39.644409 14.984
 17   139.675 52794.68996834 28.06 268.746948  39.641139 14.984
 18   139.349 52829.69003469 38.09 268.749785  39.644561 17.232
 18   139.381 52829.69003533 44.72 268.748725  39.641291 17.232
 19   140.096 52864.69007922 25.98 268.749288  39.644062 11.564
 19   139.346 52864.69007987 27.75 268.748228  39.640792 11.564
 20   140.077 52899.69010632 28.97 268.739376  39.656250 14.029
 20   139.205 52899.69010696 17.32 268.738316  39.652980 14.029
 20   139.286 52899.69010761 16.64 268.737246  39.649720 14.029
 20   140.563 52899.69010825 20.43 268.736186  39.646450 14.029
 21   140.428 52934.69004916 35.12 268.736519  39.659968 11.144
 21   139.478 52934.69004981 37.72 268.735459  39.656698 11.144
 21   139.188 52934.69005045 19.24 268.734389  39.653428 11.144
 21   139.236 52934.69005110 18.78 268.733329  39.650168 11.144
 23   140.563 53004.69008366 37.42 268.736804  39.659765 13.471
 23   139.525 53004.69008431 36.59 268.735744  39.656495 13.471
 23   140.270 53004.69008495 16.66 268.734674  39.653235 13.471
 23   139.317 53004.69008560 16.76 268.733614  39.649965 13.471
 25   139.484 53074.69006508 28.00 268.737862  39.654993 13.256
 25   139.547 53074.69006573 20.50 268.736792  39.651733 13.256
 25   140.697 53074.69006637 19.04 268.735732  39.648463 13.256
 26   140.386 53109.69003494 52.86 268.740917  39.653724 16.513
 26   140.082 53109.69003558 47.01 268.739847  39.650454 16.513
 26   139.759 53109.69003623 46.33 268.738787  39.647184 16.513
 27   140.427 53144.69007636 40.44 268.741268  39.652119 14.926
 27   139.632 53144.69007701 26.20 268.740208  39.648859 14.926
 27   139.941 53144.69007765 27.13 268.739138  39.645589 14.926
 28   141.301 53179.69009124 38.99 268.743388  39.648193 16.352
 28   141.086 53179.69009189 46.49 268.742328  39.644923 16.352
 29   140.345 53214.69011181 38.40 268.740502  39.655339 16.292
 29   140.061 53214.69011246 25.56 268.739442  39.652069 16.292
 29   139.452 53214.69011310 19.49 268.738372  39.648809 16.292
 30   139.318 53249.69008160 51.01 268.738826  39.656045 21.937
 30   139.363 53249.69008224 51.64 268.737756  39.652775 21.937
 30   139.362 53249.69008289 48.51 268.736696  39.649515 21.937
 31   140.093 53284.69007821 30.28 268.741491  39.653643 12.439
 31   139.679 53284.69007885 25.66 268.740431  39.650383 12.439
 31   139.736 53284.69007950 22.41 268.739361  39.647113 12.439
 32   139.436 53319.69006698 22.44 268.747153  39.645648 11.186
 32   139.839 53319.69006762 19.73 268.746093  39.642378 11.186
 33   139.352 53354.69003379 29.18 268.743040  39.650533 13.555
 33   139.465 53354.69003444 25.82 268.741980  39.647263 13.555
 33   139.865 53354.69003508 24.02 268.740920  39.643993 13.555
 34   139.532 53389.69003883 41.08 268.744047  39.648670 14.652
 34   139.499 53389.69003948 37.49 268.742987  39.645410 14.652
 35   139.408 53424.69003686 43.73 268.745229  39.650368 15.287
 35   139.533 53424.69003750 35.00 268.744169  39.647108 15.287
 35   139.024 53424.69003814 38.87 268.743109  39.643838 15.287
 36   139.816 53459.69004250 22.19 268.749556  39.645870 11.312
 36   139.721 53459.69004315 16.42 268.748496  39.642600 11.312
 37   140.643 53494.69012561 51.78 268.737229  39.658201 15.195
 37   140.390 53494.69012626 50.45 268.736169  39.654931 15.195
 37   139.532 53494.69012690 50.28 268.735109  39.651671 15.195
 38   140.319 53529.69010185 36.80 268.746152  39.649613 14.808
 38   139.292 53529.69010250 24.41 268.745082  39.646353 14.808
 38   139.524 53529.69010314 16.87 268.744022  39.643083 14.808
 39   140.347 53564.69013101 35.74 268.735953  39.660924 13.116
 39   139.335 53564.69013166 36.81 268.734893  39.657654 13.116
 39   140.048 53564.69013230 21.55 268.733833  39.654384 13.116
 39   139.039 53564.69013295 14.64 268.732763  39.651124 13.116
 40   139.265 53599.69007423 25.81 268.741555  39.653163 12.948
 40   139.471 53599.69007487 21.23 268.740495  39.649893 12.948
 40   139.658 53599.69007552 25.82 268.739435  39.646623 12.948
 41   139.235 53634.69007079 27.97 268.742141  39.652519 15.364
 41   139.354 53634.69007143 24.10 268.741081  39.649259 15.364
 41   139.609 53634.69007207 23.57 268.740011  39.645989 15.364
 42   140.414 53669.69009214 39.15 268.737886  39.654942 12.192
 42   139.404 53669.69009279 31.97 268.736816  39.651682 12.192
 42   139.242 53669.69009343 31.84 268.735756  39.648412 12.192
 43   140.143 53704.69003038 38.78 268.744590  39.650101 15.003
 43   139.369 53704.69003102 34.57 268.743530  39.646831 15.003
 43   139.352 53704.69003167 37.34 268.742470  39.643561 15.003
 44   140.462 53739.68993981 27.44 268.739997  39.654902 16.904
 44   139.130 53739.68994045 21.78 268.738937  39.651642 16.904
 44   139.108 53739.68994110 18.32 268.737877  39.648372 16.904
 45   139.445 53774.68996087 41.84 268.746839  39.645331 19.608
 45   139.321 53774.68996152 44.82 268.745779  39.642061 19.608
 46   139.337 53809.68994280 49.16 268.740046  39.653546 16.683
 46   139.360 53809.68994345 52.25 268.738986  39.650276 16.683
 46   139.453 53809.68994409 49.79 268.737926  39.647006 16.683
 47   140.108 53844.68998487 45.05 268.742557  39.652383 17.294
 47   140.074 53844.68998552 48.61 268.741497  39.649123 17.294
 47   139.856 53844.68998616 51.47 268.740427  39.645853 17.294
 48   140.363 53879.69001434 33.25 268.746396  39.648450 14.935
 48   139.469 53879.69001498 22.94 268.745326  39.645180 14.935
 48   139.388 53879.69001563 22.47 268.744266  39.641910 14.935
 49   140.177 53914.69006873 51.34 268.737204  39.658761 15.014
 49   139.351 53914.69006938 51.70 268.736144  39.655491 15.014
 49   139.378 53914.69007002 51.32 268.735084  39.652221 15.014
 49   139.552 53914.69007067 49.72 268.734024  39.648961 15.014
 50   139.358 53949.69007912 37.88 268.733795  39.659430 10.613
 50   140.265 53949.69007976 33.03 268.732735  39.656160 10.613
 50   139.120 53949.69008041 20.76 268.731675  39.652890 10.613
 51   140.410 53984.69001779 34.62 268.739127  39.656890 15.793
 51   139.551 53984.69001844 32.82 268.738057  39.653630 15.793
 51   139.532 53984.69001908 40.19 268.736997  39.650360 15.793
 51   139.572 53984.69001973 44.63 268.735937  39.647090 15.793
 52   140.012 54019.69005468 28.68 268.745330  39.647855 14.778
 52   139.097 54019.69005532 19.26 268.744260  39.644585 14.778
 53   140.537 54054.69004605 39.02 268.749759  39.646426 14.418
 53   130.227 54054.69004670 20.38 268.748699  39.643156 14.418
 53   139.315 54054.69004734 22.51 268.747639  39.639886 14.418
 54   139.259 54089.69003427 29.94 268.740891  39.653846 15.194
 54   139.437 54089.69003491 23.30 268.739821  39.650586 15.194
 54   139.643 54089.69003556 24.31 268.738761  39.647316 15.194
 56   139.907 54159.69000056 34.00 268.741286  39.653705 10.750
 56   139.218 54159.69000121 28.18 268.740216  39.650445 10.750
 56   139.737 54159.69000185 26.84 268.739156  39.647175 10.750
 57   140.739 54194.68996281 31.76 268.745456  39.647958 23.704
 57   140.244 54194.68996345 27.73 268.744396  39.644688 23.704
 58   140.127 54229.69001308 53.26 268.742442  39.650837 18.042
 58   139.991 54229.69001372 48.63 268.741382  39.647567 18.042
 58   140.052 54229.69001437 52.86 268.740312  39.644297 18.042
 59   139.652 54264.69003110 36.21 268.743076  39.650855 10.988
 59   139.276 54264.69003174 30.98 268.742016  39.647595 10.988
 59   139.492 54264.69003238 27.37 268.740946  39.644325 10.988
 60   139.935 54299.69003540 26.93 268.742871  39.649765 14.262
 60   139.171 54299.69003605 26.13 268.741811  39.646495 14.262
 61   139.981 54334.69002471 32.49 268.741005  39.652800 14.144
 61   139.318 54334.69002535 24.89 268.739945  39.649530 14.144
 61   139.504 54334.69002599 29.78 268.738875  39.646270 14.144
 63   140.553 54404.68996876 34.68 268.741058  39.653606 18.114
 63   139.535 54404.68996941 30.97 268.739988  39.650346 18.114
 63   139.537 54404.68997005 37.16 268.738928  39.647076 18.114
 64   140.188 54439.68992679 30.31 268.747173  39.648557 14.637
 64   139.422 54439.68992743 17.18 268.746103  39.645287 14.637
 64   139.188 54439.68992808 17.91 268.745043  39.642017 14.637
 65   140.029 54474.68995629 49.60 268.743879  39.648733 16.229
 65   139.979 54474.68995693 49.72 268.742809  39.645463 16.229
 66   139.555 54509.68994071 30.00 268.745347  39.646067 16.434
 66   139.606 54509.68994135 42.65 268.744277  39.642797 16.434
 67   140.632 54544.68997004 36.55 268.741839  39.651684 14.986
 67   139.972 54544.68997069 29.65 268.740779  39.648414 14.986
 67   139.952 54544.68997133 27.04 268.739719  39.645144 14.986
 68   142.202 54579.68993780 38.14 268.743891  39.650235 17.075
 68   141.455 54579.68993844 33.80 268.742831  39.646965 17.075
 68   141.422 54579.68993909 37.94 268.741771  39.643695 17.075
 69   139.925 54614.68995959 47.37 268.743077  39.652069 16.169
 69   140.473 54614.68996024 34.70 268.742017  39.648799 16.169
 69   139.997 54614.68996088 28.50 268.740957  39.645529 16.169
 70   142.510 54649.68997055 33.30 268.741481  39.651151 25.620
 70   142.333 54649.68997120 32.37 268.740411  39.647881 25.620
 71   140.370 54684.68996597 49.73 268.739913  39.652316 16.456
 71   139.642 54684.68996661 49.04 268.738853  39.649046 16.456
 71   139.637 54684.68996726 50.30 268.737793  39.645776 16.456
 72   139.919 54719.68991503 25.65 268.747216  39.647734 10.625
 72   140.006 54719.68991568 18.10 268.746156  39.644464 10.625
 72   140.127 54719.68991632 18.55 268.745096  39.641194 10.625
 73   140.171 54754.68994019 27.15 268.742332  39.652001 11.348
 73   139.340 54754.68994084 24.27 268.741272  39.648731 11.348
 73   140.030 54754.68994148 22.10 268.740212  39.645461 11.348
 74   140.461 54789.68990853 37.50 268.745406  39.650220 25.160
 74   139.869 54789.68990918 24.91 268.744346  39.646950 25.160
 74   139.665 54789.68990982 28.69 268.743276  39.643680 25.160
 76   139.502 54859.68990220 30.92 268.746394  39.646389 12.347
 76   139.374 54859.68990284 35.29 268.745324  39.643119 12.347
 77   140.257 54894.68993725 22.85 268.739553  39.653471 15.434
 77   139.231 54894.68993789 21.18 268.738493  39.650201 15.434
 77   140.049 54894.68993854 22.82 268.737433  39.646931 15.434
 78   139.586 54929.68990069 28.23 268.743562  39.649182 20.900
 78   140.143 54929.68990134 25.35 268.742502  39.645912 20.900
 79   139.600 54964.68993723 25.06 268.741352  39.650605 13.155
 79   139.929 54964.68993787 24.06 268.740292  39.647335 13.155
 80   140.739 54999.68995725 53.08 268.739877  39.654242 18.580
 80   139.719 54999.68995789 41.71 268.738817  39.650972 18.580
 80   139.665 54999.68995853 41.19 268.737757  39.647702 18.580
 81   139.962 55034.68994378 29.59 268.743542  39.650835 24.466
 81   139.496 55034.68994443 25.47 268.742479  39.647564 10.994
 81   139.759 55034.68994507 22.84 268.741419  39.644294 10.994
 82   139.613 55069.68993285 24.91 268.740363  39.654760 15.546
 82   139.195 55069.68993349 21.09 268.739303  39.651490 15.546
 82   140.009 55069.68993414 18.53 268.738243  39.648220 15.546
 83   140.035 55104.68987514 32.94 268.744100  39.648343 28.499
 83   139.341 55104.68987579 37.35 268.743040  39.645073 28.499
 84   140.639 55139.68988122 33.88 268.741736  39.651388 19.585
 84   140.543 55139.68988186 36.87 268.740676  39.648118 19.585
 84   140.504 55139.68988251 44.77 268.739606  39.644848 19.585
 85   139.647 55174.68984236 24.53 268.746646  39.646020 16.404
 85   139.937 55174.68984300 21.54 268.745586  39.642750 16.404
 88   141.360 55279.68986978 50.12 268.740273  39.654247 19.157
 88   142.062 55279.68987043 53.98 268.739213  39.650977 19.157
 88   141.355 55279.68987107 53.05 268.738153  39.647707 19.157
 89   141.399 55314.68983458 33.73 268.742509  39.652617 20.144
 89   140.369 55314.68983523 29.99 268.741449  39.649357 20.144
 89   140.501 55314.68983587 29.87 268.740379  39.646087 20.144
 90   139.611 55349.68984126 26.53 268.740945  39.652552  8.781
 90   139.827 55349.68984190 22.09 268.739885  39.649282  8.781
 90   140.021 55349.68984255 31.14 268.738825  39.646012  8.781
 91   141.467 55384.68983441 47.59 268.744248  39.650479 20.903
 91   141.377 55384.68983505 48.39 268.743178  39.647209 20.903
 91   141.408 55384.68983570 47.75 268.742118  39.643939 20.903
 92   141.476 55419.68985986 33.09 268.743493  39.651375 14.763
 92   140.538 55419.68986050 27.28 268.742433  39.648105 14.763
 92   140.629 55419.68986115 27.29 268.741373  39.644835 14.763
 93   140.480 55454.68983715 35.92 268.740389  39.655665 15.031
 93   139.541 55454.68983779 32.64 268.739319  39.652405 15.031
 93   139.559 55454.68983843 38.70 268.738259  39.649135 15.031
 93   139.918 55454.68983908 42.20 268.737199  39.645865 15.031
 94   139.766 55489.68975684 47.83 268.738003  39.654883 16.078
 94   139.614 55489.68975748 47.60 268.736943  39.651613 16.078
 94   139.441 55489.68975813 47.25 268.735883  39.648343 16.078
