#  102.002  -4.032  17.045 ;Mean Elev.(m), Avg Gradient(m/km), RMS Gradient(m/km) - SRTM1     
#    0.000   0.000   0.000 ;Mean Elev.(m), Avg Gradient(m/km), RMS Gradient(m/km) - ASTER GDEM
#  105.462  -4.154  17.143 ;Mean Elev.(m), Avg Gradient(m/km), RMS Gradient(m/km) - GMTED2010 
  7   101.953 52468.14326219 30.62 271.873303  37.467167 16.916
  7   100.423 52468.14326284 24.60 271.872283  37.470447 16.916
  8    93.064 52503.14325151 28.30 271.874346  37.468195 14.139
  8   110.483 52503.14325216 21.04 271.873326  37.471475 14.139
  9    97.356 52538.14323565 45.61 271.869753  37.465560  9.505
  9    99.048 52538.14323629 29.01 271.868733  37.468830  9.505
 10    98.134 52573.14327588 33.97 271.870809  37.466647  8.559
 10    98.943 52573.14327652 29.42 271.869799  37.469927  8.559
 12   101.566 52643.14323024 24.32 271.870287  37.467838 10.223
 12   101.984 52643.14323089 24.87 271.869277  37.471118 10.223
 14   100.381 52713.14325023 41.87 271.869472  37.466358 13.720
 14   103.183 52713.14325087 30.32 271.868462  37.469628 13.720
 15   101.933 52748.14327624 32.85 271.867960  37.465781 11.752
 15   102.148 52748.14327688 28.49 271.866950  37.469051 11.752
 16   104.069 52783.14321733 34.58 271.866654  37.467930 15.573
 16   103.710 52783.14321798 36.57 271.865634  37.471210 15.573
 17    99.698 52818.14329501 31.16 271.866951  37.467154 11.907
 17    99.650 52818.14329565 29.07 271.865941  37.470424 11.907
 18   100.232 52853.14334453 19.34 271.873153  37.466932 14.531
 18   100.612 52853.14334518 21.40 271.872143  37.470202 14.531
 21   100.006 52958.14329890 23.46 271.876234  37.468586 13.368
 21   115.209 52958.14329955 24.83 271.875214  37.471856 13.368
 23   104.143 53028.14328936 18.35 271.882158  37.468929 13.060
 23   101.189 53028.14329000 28.61 271.881138  37.472209 13.060
 25   101.833 53098.14331536 21.42 271.872117  37.468151 13.499
 25   115.874 53098.14331600 20.15 271.871107  37.471421 13.499
 28    99.710 53203.14337078 22.34 271.872367  37.467632 14.409
 28    99.882 53203.14337142 22.73 271.871347  37.470902 14.409
 30   102.720 53273.14329893 26.57 271.870309  37.467810 12.170
 30   102.828 53273.14329957 25.53 271.869295  37.471073  4.359
 31   100.530 53308.14335846 18.28 271.867429  37.467153 17.918
 31   115.099 53308.14335910 15.10 271.866419  37.470433 17.918
 33   105.185 53378.14326506 25.59 271.872310  37.467019 13.055
 33   115.605 53378.14326571 23.60 271.871297  37.470292  4.472
 35    98.348 53448.14328841 41.40 271.868846  37.465385 13.821
 35    99.654 53448.14328905 36.48 271.867826  37.468655 13.821
 38    98.601 53553.14339556 30.50 271.868567  37.466138 12.213
 38   100.082 53553.14339620 28.04 271.867557  37.469408 12.213
 41    96.988 53658.14334419 48.89 271.869816  37.467129 14.726
 41    99.464 53658.14334483 34.15 271.868806  37.470399 14.726
 44   103.464 53763.14320708 21.84 271.877676  37.468433 15.254
 44   103.388 53763.14320772 23.67 271.876666  37.471703 15.254
 45    98.374 53798.14321675 22.87 271.881476  37.468434 14.762
 45    98.349 53798.14321739 22.24 271.880456  37.471714 14.762
 47    97.515 53868.14327684 33.76 271.870042  37.468267 17.150
 47    98.030 53868.14327749 36.23 271.869022  37.471537 17.150
 48   100.750 53903.14330831 32.42 271.872585  37.466672 14.704
 48   100.818 53903.14330895 35.64 271.871565  37.469942 14.704
 49    97.298 53938.14334497 26.41 271.863558  37.467355 12.416
 49    98.607 53938.14334562 19.07 271.862538  37.470625 12.416
 50   100.325 53973.14330716 37.69 271.873776  37.467945 14.759
 50    99.248 53973.14330780 40.77 271.872756  37.471225 14.759
 52   102.693 54043.14331871 26.86 271.876873  37.468577 14.224
 52   103.396 54043.14331935 25.08 271.875863  37.471847 14.224
 56   103.706 54183.14323931 18.60 271.879175  37.468042 11.793
 56   105.014 54183.14323995 22.49 271.878165  37.471312 11.793
 57   100.102 54218.14326574 39.61 271.870567  37.468349 10.497
 57    99.877 54218.14326638 38.56 271.869547  37.471629 10.497
 58   100.028 54253.14329114 27.79 271.872889  37.468063  8.259
 58    99.793 54253.14329178 27.36 271.871869  37.471343  8.259
 63    98.940 54428.14319924 42.89 271.878382  37.467355 15.094
 63    99.244 54428.14319988 44.44 271.877362  37.470625 15.094
 65   100.091 54498.14320845 21.53 271.877960  37.467711 16.325
 65   100.403 54498.14320909 20.57 271.876940  37.470991 16.325
 66   103.969 54533.14322435 18.26 271.875585  37.467408 12.149
 66   104.129 54533.14322499 24.93 271.874575  37.470688 12.149
 68   100.903 54603.14321962 46.45 271.873570  37.466619 15.280
 68   100.051 54603.14322026 49.28 271.872560  37.469899 15.280
 69   100.225 54638.14323055 21.77 271.874124  37.468098  9.904
 69   100.308 54638.14323120 22.53 271.873104  37.471378  9.904
 72 14500.967 54743.14319911 30.71 271.873670  37.467244 13.065
 72 14500.851 54743.14319976 28.72 271.872660  37.470524 13.065
 73   101.288 54778.14317390 12.00 271.878177  37.467303 16.073
 73   104.105 54778.14317455 10.30 271.877167  37.470573 16.073
 74   100.305 54813.14319245 41.25 271.872334  37.467128 13.936
 74   100.515 54813.14319309 39.40 271.871324  37.470408 13.936
 75   100.320 54848.14317422 26.77 271.877248  37.468200  8.117
 75   100.447 54848.14317486 24.61 271.876238  37.471470  8.117
 76   103.416 54883.14319566 39.42 271.872593  37.466740 15.200
 76   102.902 54883.14319630 38.28 271.871583  37.470020 15.200
 80    99.174 55023.14320645 26.88 271.877347  37.467925 15.668
 80    99.194 55023.14320709 27.68 271.876337  37.471205 15.668
 82    99.137 55093.14315699 23.87 271.878688  37.467698 14.911
 82    99.022 55093.14315763 27.24 271.877678  37.470968 14.911
 83   114.703 55128.14314228  9.50 271.874322  37.467353 10.110
 83   114.818 55128.14314292 12.75 271.873312  37.470633 10.110
 84 14503.211 55163.14311815 43.02 271.876958  37.467002 19.626
 84 14503.834 55163.14311879 41.93 271.875948  37.470272 19.626
 85   102.551 55198.14313376 16.82 271.872351  37.466920  8.540
 85   102.607 55198.14313440 16.05 271.871341  37.470200  8.540
 86   104.863 55233.14312273 19.88 271.877384  37.468415 17.725
 86   104.251 55233.14312337 20.01 271.876374  37.471685 17.725
 87    99.909 55268.14312820 19.28 271.874595  37.467157 10.143
 87   114.817 55268.14312884 17.65 271.873585  37.470437 10.143
 89   102.202 55338.14310208 43.42 271.875347  37.466749 15.760
 89   102.539 55338.14310272 46.05 271.874327  37.470019 15.760
