#  179.154  -4.102  14.214 ;Mean Elev.(m), Avg Gradient(m/km), RMS Gradient(m/km) - SRTM1     
#    0.000   0.000   0.000 ;Mean Elev.(m), Avg Gradient(m/km), RMS Gradient(m/km) - ASTER GDEM
#  179.100  -4.030  13.801 ;Mean Elev.(m), Avg Gradient(m/km), RMS Gradient(m/km) - GMTED2010 
  7 269.569664  42.291535   248.864   248.864  2 52452.14621953  6.067
  8 269.575848  42.302421   179.615   179.639  3 52487.14620296 32.723
  9 269.575861  42.303869   179.688   179.693  4 52522.14617347 49.896
 11 269.572203  42.293722   179.498   179.449  4 52592.14621739 26.654
 12 269.575809  42.304498   179.634   179.685  3 52627.14613594 51.200
 13 269.573805  42.298606   179.674   179.668  4 52662.14618161 28.731
 14 269.572583  42.294946   179.688   179.694  4 52697.14615828 25.708
 15 269.578291  42.311474   179.603   179.595  6 52732.14618462 36.170
 16 269.574986  42.300180   179.750   179.763  3 52767.14619167 44.616
 17 269.572292  42.289804   179.714   179.697  5 52802.14619832 51.534
 18 269.573681  42.297042   179.683   179.686  3 52837.14626500 52.597
 19 269.574396  42.300921   179.481   179.495  4 52872.14630601 34.436
 20 269.576628  42.305374   179.621   179.612  3 52907.14629725 44.163
 21 269.574006  42.298144   179.486   179.462  3 52942.14622479 27.331
 23 269.573325  42.296902   179.562   179.555  4 53012.14627958 37.980
 24 269.570913  42.293885   179.755   179.755  2 53047.14624610 20.722
 25 269.572461  42.290601   179.722   179.719  5 53082.14628002 47.709
 26 269.569529  42.288475   179.728   179.748  4 53117.14625022 51.478
 28 269.577388  42.308925   179.731   179.731  4 53187.14628990 51.648
 29 269.576038  42.303957   179.747   179.779  3 53222.14631189 47.247
 30 269.574452  42.299757   179.653   179.662  4 53257.14628720 48.679
 32 269.575996  42.305192   179.606   179.586  4 53327.14627931 51.064
 33 269.577955  42.311368   179.473   179.489  6 53362.14623615 40.270
 35 269.577281  42.309515   179.558   179.533  4 53432.14624837 50.036
 36 269.572515  42.289831   179.893   179.889  5 53467.14627947 48.575
 38 269.574930  42.300518   179.729   179.731  4 53537.14632727 52.415
 39 269.572566  42.294604   179.606   179.614  4 53572.14633066 52.316
 40 269.576986  42.307412   179.460   179.468  4 53607.14628166 43.795
 42 269.572399  42.290271   179.433   179.424  5 53677.14629811 28.288
 43 269.578358  42.311951   179.708   179.677  6 53712.14623110 42.290
 44 269.571510  42.298821   180.169   180.169  2 53747.14614080 50.215
 45 269.576692  42.306419   179.567   179.578  4 53782.14617312 43.576
 46 269.578460  42.317841   179.516   179.516  8 53817.14614106 32.774
 47 269.570803  42.286364   179.718   179.711  4 53852.14620761 50.784
 48 269.578189  42.311469   179.693   179.673  5 53887.14621785 52.311
 50 269.570617  42.291192   179.696   179.712  4 53957.14628105 46.905
 52 269.573152  42.293701   179.522   179.476  4 54027.14626809 26.177
 56 269.575202  42.301487   179.505   179.506  3 54167.14620686 18.230
 57 269.572354  42.292740   180.066   180.048  4 54202.14618670 27.692
 58 269.574623  42.298304   179.416   179.479  4 54237.14622371 28.155
 59 269.575261  42.301053   179.577   179.578  4 54272.14624384 38.869
 60 269.574078  42.300505   179.539   179.522  4 54307.14624584 49.516
 61 269.576855  42.306639   179.618   179.619  4 54342.14622711 50.210
 62 269.572887  42.297542   179.736   179.728  4 54377.14618030 42.341
 63 269.574826  42.300503   179.615   179.611  3 54412.14617299 27.225
 64 269.572421  42.292366   180.842   181.063  5 54447.14614439 35.595
 66 269.572722  42.295792   179.730   179.712  3 54517.14615895 19.041
 67 269.576023  42.303704   179.706   179.707  3 54552.14617866 52.859
 68 269.573994  42.297353   181.077   181.088  4 54587.14615528 29.069
 69 269.574667  42.299235   179.600   179.599  4 54622.14617395 52.491
 70 269.574016  42.296684   179.692   179.664  4 54657.14618298 52.020
 71 269.575724  42.301339   179.536   179.537  4 54692.14616725 52.252
 72 269.572777  42.296979   179.626   179.629  4 54727.14613565 51.122
 73 269.573924  42.300182   179.646   179.637  4 54762.14614396 28.740
 74 269.572450  42.288120   179.675   179.685  5 54797.14612687 51.533
 75 269.574036  42.301029   179.659   179.659  2 54832.14613385 22.515
 76 269.572154  42.295595   179.335   179.346  4 54867.14612410 18.009
 77 269.575018  42.300664   179.398   179.407  3 54902.14614363 27.074
 78 269.573963  42.295870   179.657   179.639  4 54937.14611414 49.269
 79 269.574401  42.296830   179.491   179.505  4 54972.14614736 26.987
 80 269.573910  42.298350   179.562   179.562  4 55007.14616499 52.754
 81 269.574609  42.300593   179.487   179.484  4 55042.14615411 52.636
 82 269.575574  42.304541   179.570   179.567  4 55077.14613471 51.554
 83 269.573065  42.297547   179.539   179.543  4 55112.14608598 24.750
 84 269.573836  42.298670   179.706   179.715  4 55147.14608755 52.307
 85 269.572897  42.290218   179.504   179.493  5 55182.14606428 39.324
 87 269.573598  42.296976   179.457   179.437  4 55252.14606165 26.991
 88 269.575485  42.302909   180.596   180.609  4 55287.14607656 53.008
 89 269.574183  42.295837   179.512   179.525  4 55322.14605096 33.114
 90 269.574330  42.299369   179.629   179.627  3 55357.14605091 30.833
 91 269.573078  42.294374   179.456   179.428  4 55392.14605188 27.858
 92 269.574658  42.300289   179.616   179.634  4 55427.14606755 39.289
 93 269.577225  42.307650   179.804   179.781  4 55462.14603439 38.617
