#    0.008   0.004   0.508 ;Mean Elev.(m), Avg Gradient(m/km), RMS Gradient(m/km) - SRTM1     
#    0.000   0.000   0.000 ;Mean Elev.(m), Avg Gradient(m/km), RMS Gradient(m/km) - ASTER GDEM
#    1.245   0.002   0.613 ;Mean Elev.(m), Avg Gradient(m/km), RMS Gradient(m/km) - GMTED2010 
  7 270.623342  29.313171     0.307     0.292  6 52458.15163133 33.254
  8 270.635205  29.297727    -0.093    -0.089  6 52493.15160593 31.492
 10 270.626099  29.309570     0.204     0.153  6 52563.15162816 31.045
 12 270.617733  29.319463     0.090     0.189  4 52633.15159777 26.397
 13 270.620030  29.316986     0.177     0.193  4 52668.15161330 27.297
 14 270.627739  29.307268     0.765     0.748  6 52703.15158876 35.333
 16 270.632814  29.301537     0.139     0.087  6 52773.15158570 30.300
 17 270.614550  29.323785     0.562     0.506  4 52808.15165463 27.452
 18 270.618753  29.318269     0.030     0.036  5 52843.15171125 26.107
 19 270.618540  29.318924    -0.084    -0.128  4 52878.15174958 27.493
 20 270.636585  29.295597     0.236     0.240  5 52913.15170280 25.507
 21 270.623928  29.312616     0.289     0.279  5 52948.15166411 30.416
 23 270.625951  29.309822     0.206     0.194  5 53018.15169009 36.370
 24 270.624516  29.311185     0.645     0.602  5 53053.15167229 31.497
 25 270.614236  29.324083     0.429     0.421  4 53088.15171182 28.920
 26 270.618993  29.319015     0.185     0.213  5 53123.15168105 29.207
 27 270.611188  29.327435    -0.198    -0.210  4 53158.15174055 29.360
 28 270.628645  29.307568     0.490     0.476  6 53193.15173009 28.241
 30 270.623864  29.312214     0.422     0.434  5 53263.15170032 28.254
 31 270.607679  29.328738     0.013     0.013  2 53298.15174374 26.513
 33 270.631792  29.302527     0.609     0.599  6 53368.15165265 29.556
 35 270.628559  29.306161     0.751     0.785  6 53438.15167168 31.105
 36 270.614403  29.323988     0.235     0.211  5 53473.15173163 28.812
 37 270.619812  29.317466     0.223     0.231  5 53508.15175593 29.490
 38 270.617493  29.320294    -0.019    -0.077  5 53543.15176679 27.871
 39 270.623336  29.312776     0.127     0.008  5 53578.15174868 26.087
 40 270.623183  29.313841     0.853     0.884  5 53613.15170187 30.006
 41 270.622009  29.315503     0.460     0.363  5 53648.15170773 30.266
 42 270.615805  29.322461     0.131     0.064  4 53683.15172405 31.370
 43 270.631678  29.302823     0.234     0.216  6 53718.15164704 38.823
 44 270.628358  29.307544     0.190     0.285  6 53753.15156892 28.406
 45 270.630267  29.304772     0.256     0.214  6 53788.15159842 33.148
 46 270.621864  29.314105     0.260     0.231  5 53823.15155540 28.258
 47 270.614966  29.323306    -0.122    -0.127  4 53858.15164965 28.921
 48 270.627082  29.308316    -0.146    -0.199  5 53893.15166127 30.603
 49 270.608451  29.327640    -0.480    -0.480  2 53928.15172381 26.895
 50 270.615731  29.321546     0.105     0.109  5 53963.15170456 33.204
 51 270.619228  29.317491    -0.090    -0.079  5 53998.15165187 26.005
 52 270.624078  29.312824     0.342     0.312  5 54033.15169972 27.982
 54 270.627019  29.308305     0.469     0.399  5 54103.15165102 29.126
 55 270.619274  29.318660     0.449     0.434  5 54138.15162422 31.940
 56 270.624813  29.311258     0.337     0.299  6 54173.15162960 31.803
 57 270.618031  29.318910    -0.098    -0.117  5 54208.15162986 27.580
 58 270.622784  29.314024     0.397     0.370  5 54243.15166106 27.489
 59 270.622668  29.313882    -0.145    -0.194  5 54278.15167423 26.321
 60 270.625505  29.310636    -0.031    -0.008  5 54313.15167357 30.172
 61 270.627769  29.307782     0.000    -0.001  6 54348.15164426 32.450
 62 270.622003  29.314315     0.148     0.156  5 54383.15161189 26.053
 63 270.625184  29.311062     0.331     0.335  6 54418.15159416 31.892
 64 270.618676  29.319531     0.076     0.013  5 54453.15158303 26.204
 65 270.626050  29.309594     0.498     0.488  6 54488.15159207 30.897
 66 270.623384  29.312584     0.466     0.450  5 54523.15159463 25.515
 67 270.625529  29.310517     0.850     0.886  5 54558.15160216 28.231
 68 270.621514  29.315016     0.695     0.681  5 54593.15159168 37.622
 69 270.622977  29.313240     0.500     0.519  5 54628.15160610 26.896
 70 270.619447  29.317371     0.321     0.333  5 54663.15161424 30.398
 71 270.628251  29.308015     0.212     0.219  6 54698.15158620 38.249
 72 270.619364  29.318444     0.245     0.230  5 54733.15157181 27.230
 73 270.624935  29.311370     0.402     0.329  5 54768.15156602 29.090
 74 270.617920  29.320001    -0.156    -0.218  4 54803.15156565 27.056
 75 270.623688  29.312591     0.391     0.342  5 54838.15155987 29.501
 76 270.619844  29.317318     0.148     0.068  5 54873.15156453 24.992
 77 270.624674  29.311019     0.281     0.206  5 54908.15156624 33.030
 78 270.617926  29.320122     0.256     0.328  5 54943.15155820 26.933
 79 270.621441  29.314573     0.834     0.777  5 54978.15158455 26.529
 80 270.623066  29.312841     0.510     0.535  5 55013.15159020 34.262
 81 270.623419  29.313084     0.197     0.270  6 55048.15158313 27.691
 82 270.627863  29.307648     0.402     0.360  6 55083.15155226 30.660
 83 270.621943  29.314869     0.202     0.148  5 55118.15151503 25.560
 84 270.622857  29.314533     0.965     0.992  5 55153.15151175 31.216
 85 270.618395  29.319526     0.379     0.389  4 55188.15150429 26.186
 86 270.623461  29.312929     0.433     0.366  5 55223.15151062 31.754
 87 270.623343  29.312345     0.593     0.557  5 55258.15149840 28.324
 88 270.626309  29.309005     0.775     0.789  5 55293.15149739 29.151
 89 270.619356  29.317738     0.224     0.244  5 55328.15148353 27.752
 90 270.624892  29.311327     0.468     0.436  6 55363.15147719 29.759
 91 270.619105  29.318897    -0.100    -0.065  5 55398.15148753 27.393
 92 270.626065  29.309271     0.259     0.269  5 55433.15149267 32.596
 93 270.629903  29.305844     0.451     0.465  6 55468.15144920 41.403
