#  198.038  -5.992  32.387 ;Mean Elev.(m), Avg Gradient(m/km), RMS Gradient(m/km) - SRTM1     
#    0.000   0.000   0.000 ;Mean Elev.(m), Avg Gradient(m/km), RMS Gradient(m/km) - ASTER GDEM
#  198.199  -5.589  31.562 ;Mean Elev.(m), Avg Gradient(m/km), RMS Gradient(m/km) - GMTED2010 
  7   212.272 52466.69508933  2.33 268.148354  44.195263 13.372
  7   221.387 52466.69508997  5.02 268.147164  44.192003 13.372
  8   200.257 52501.69507865 44.20 268.151452  44.212190 14.435
  8   199.946 52501.69507929 37.47 268.150262  44.208930 14.435
  8   200.284 52501.69507994 33.27 268.149072  44.205680 14.435
  8   200.333 52501.69508058 36.40 268.147882  44.202416  9.447
  8   199.826 52501.69508123 24.08 268.146692  44.199166  9.447
  8   199.782 52501.69508187 22.78 268.145502  44.195906  9.447
  8   199.787 52501.69508252 20.55 268.144312  44.192656  9.447
  9   201.035 52536.69506601 51.03 268.158907  44.204896 13.718
  9   200.270 52536.69506665 52.89 268.157717  44.201646 13.718
  9   200.890 52536.69506730 36.00 268.156527  44.198386 13.718
  9   200.074 52536.69506794 28.62 268.155337  44.195136 13.718
  9   199.706 52536.69506858 27.82 268.154157  44.191876 13.718
  9   199.596 52536.69506923 27.37 268.152967  44.188616 13.718
 11   200.195 52606.69506318 46.65 268.153220  44.209228 24.095
 11   200.328 52606.69506383 50.17 268.152030  44.205968 24.095
 11   200.188 52606.69506447 51.68 268.150840  44.202708 24.095
 11   200.280 52606.69506512 50.18 268.149650  44.199458 24.095
 11   200.281 52606.69506576 49.59 268.148460  44.196198 24.095
 11   200.176 52606.69506641 49.76 268.147270  44.192938 24.095
 11   200.274 52606.69506705 45.46 268.146080  44.189688 24.095
 12   200.283 52641.69505876 43.76 268.156095  44.208289 25.844
 12   200.258 52641.69505940 47.15 268.154905  44.205029 25.844
 12   200.211 52641.69506005 49.96 268.153715  44.201779 25.844
 12   200.305 52641.69506069 52.85 268.152525  44.198519 25.844
 12   200.335 52641.69506134 50.97 268.151335  44.195259 25.844
 12   200.247 52641.69506198 51.97 268.150155  44.192009 25.844
 12   200.246 52641.69506262 51.78 268.148965  44.188749 25.844
 13   200.354 52676.69504816 26.59 268.149838  44.201546  6.318
 13   200.188 52676.69504881 27.16 268.148648  44.198286  6.318
 13   200.291 52676.69504945 26.24 268.147458  44.195026  6.318
 13   200.388 52676.69505010 24.80 268.146268  44.191776  6.318
 15   200.931 52746.69510109 47.92 268.145228  44.217588 14.707
 15   201.284 52746.69510173 39.82 268.144038  44.214328 14.707
 15   201.090 52746.69510238 36.71 268.142848  44.211078 14.707
 15   200.429 52746.69510496 22.89 268.138088  44.198048 14.707
 15   201.455 52746.69510560 23.88 268.136898  44.194798 14.707
 16   202.922 52781.69504097 20.09 268.158214  44.207765  3.878
 16   202.293 52781.69504161 21.64 268.157024  44.204515  3.878
 16   200.605 52781.69504226 18.63 268.155834  44.201255  3.878
 16   199.610 52781.69504419 18.81 268.152264  44.191485  3.878
 16   199.765 52781.69504484 17.86 268.151074  44.188235  3.878
 19   200.619 52886.69520603 45.27 268.150917  44.210881 14.474
 19   201.250 52886.69520990 16.09 268.143777  44.191351 14.474
 21   200.616 52956.69512768 17.74 268.162220  44.202903  8.723
 21   199.425 52956.69513026 19.47 268.157470  44.189883  8.723
 21   199.154 52956.69513090 18.03 268.156280  44.186623  8.723
 21   199.471 52956.69513155 16.69 268.155090  44.183373  8.723
 23   199.778 53026.69511201 29.82 268.156924  44.207432 11.163
 23   199.781 53026.69511265 30.77 268.155734  44.204182 11.163
 23   199.763 53026.69511330 32.95 268.154544  44.200922 11.163
 23   199.954 53026.69511394 35.10 268.153354  44.197662 11.163
 23   200.131 53026.69511459 39.56 268.152174  44.194412 11.163
 23   200.288 53026.69511523 42.17 268.150984  44.191152 11.163
 23   200.252 53026.69511588 39.59 268.149794  44.187902 11.163
 26   199.816 53131.69512052 21.58 268.163120  44.203490  8.051
 26   199.924 53131.69512374 17.70 268.157170  44.187210  8.051
 26   200.012 53131.69512439 16.33 268.155990  44.183950  8.051
 28   201.757 53201.69519664 43.89 268.154247  44.209774 18.150
 28   202.058 53201.69519729 45.86 268.153057  44.206514 18.150
 28   202.345 53201.69519793 41.90 268.151867  44.203254 18.150
 28   201.839 53201.69519858 43.46 268.150677  44.200004 18.150
 28   201.851 53201.69519922 31.36 268.149487  44.196744 18.150
 29   200.311 53236.69516651 48.37 268.157125  44.206261 17.361
 29   200.280 53236.69516716 47.22 268.155935  44.203001 17.361
 29   200.142 53236.69516780 37.11 268.154745  44.199751 17.361
 29   199.959 53236.69516844 24.24 268.153555  44.196491 17.361
 29   199.749 53236.69516909 19.26 268.152365  44.193241 17.361
 29   199.466 53236.69516973 19.62 268.151175  44.189981 17.361
 30   200.140 53271.69512462 24.12 268.162753  44.204473 13.347
 30   200.111 53271.69512527 27.47 268.161563  44.201213 13.347
 30   200.281 53271.69512591 32.58 268.160373  44.197963 13.347
 30   200.323 53271.69512656 30.24 268.159183  44.194703 13.347
 30   199.892 53271.69512720 20.93 268.157993  44.191443 13.347
 30   199.487 53271.69512785 19.88 268.156813  44.188193 13.347
 30   199.106 53271.69512849 22.39 268.155623  44.184933 13.347
 32   200.513 53341.69515557 42.55 268.151590  44.210835 12.104
 32   200.193 53341.69515621 31.58 268.150400  44.207575 12.104
 32   199.997 53341.69515686 22.31 268.149210  44.204315 12.104
 32   199.783 53341.69515750 20.18 268.148020  44.201065 12.104
 32   199.724 53341.69515815 17.28 268.146830  44.197805 12.104
 32   200.002 53341.69515879 16.70 268.145640  44.194555 12.104
 32   200.100 53341.69515944 16.17 268.144460  44.191295 12.104
 34   201.731 53411.69513139 38.93 268.157457  44.206714 19.065
 34   202.325 53411.69513203 36.81 268.156267  44.203454 19.065
 35   200.909 53446.69511491 30.58 268.160146  44.204393  7.398
 35   200.869 53446.69511555 33.34 268.158956  44.201133  7.398
 35   200.610 53446.69511620 25.99 268.157766  44.197883  7.398
 35   200.160 53446.69511684 21.42 268.156576  44.194623  7.398
 35   199.907 53446.69511748 20.19 268.155396  44.191373  7.398
 35   199.525 53446.69511813 19.02 268.154206  44.188113  7.398
 35   199.380 53446.69511877 16.79 268.153016  44.184853  7.398
 36   200.447 53481.69520113 16.22 268.147470  44.201233  7.449
 36   200.401 53481.69520177 16.03 268.146280  44.197973  7.449
 36   200.270 53481.69520242 14.89 268.145090  44.194713  7.449
 36   199.804 53481.69520306 15.50 268.143900  44.191463  7.449
 37   202.137 53516.69520180 28.74 268.154458  44.210810  8.980
 37   201.806 53516.69520244 31.44 268.153268  44.207560  8.980
 37   200.345 53516.69520502 14.28 268.148508  44.194530  8.980
 37   200.280 53516.69520567 13.78 268.147318  44.191270  8.980
 39   200.017 53586.69517789 44.08 268.155113  44.210095 18.461
 39   199.881 53586.69517853 41.05 268.153923  44.206845 18.461
 39   199.988 53586.69517918 39.66 268.152733  44.203585 18.461
 39   199.932 53586.69517982 45.93 268.151543  44.200335 18.461
 39   199.842 53586.69518047 28.44 268.150353  44.197075 18.461
 39   199.323 53586.69518111 19.98 268.149163  44.193815 18.461
 39   199.213 53586.69518175 18.30 268.147973  44.190565 18.461
 41   203.535 53656.69517052 43.01 268.155181  44.207478 17.383
 41   202.681 53656.69517117 34.57 268.153991  44.204218 17.383
 42   200.347 53691.69515694 46.06 268.151396  44.212254 25.383
 42   200.268 53691.69515759 46.07 268.150206  44.209004 25.383
 42   200.394 53691.69515823 49.35 268.149016  44.205744 25.383
 42   200.325 53691.69515888 49.06 268.147826  44.202494 25.383
 42   200.345 53691.69515952 48.53 268.146636  44.199234 25.383
 42   200.277 53691.69516017 40.73 268.145446  44.195974 25.383
 42   200.383 53691.69516081 46.12 268.144256  44.192724 25.383
 43   200.501 53726.69508098 31.55 268.150383  44.210250 11.694
 43   200.279 53726.69508162 33.17 268.149203  44.206990 11.694
 43   200.260 53726.69508227 34.89 268.148013  44.203730 11.694
 43   200.213 53726.69508291 33.57 268.146823  44.200480 11.694
 43   200.634 53726.69508356 27.01 268.145633  44.197220 11.694
 43   200.157 53726.69508420 25.91 268.144443  44.193970 11.694
 43   199.867 53726.69508485 24.77 268.143253  44.190710 11.694
 47   201.965 53866.69510386 25.63 268.155441  44.210422  7.314
 47   200.017 53866.69510773 13.35 268.148301  44.190882  7.314
 48   201.021 53901.69513311 41.62 268.154158  44.210138  9.584
 48   202.512 53901.69513375 33.18 268.152968  44.206888  9.584
 48   202.477 53901.69513440 27.22 268.151778  44.203628  9.584
 48   201.180 53901.69513504 23.23 268.150588  44.200378  9.584
 49   200.782 53936.69517123 43.94 268.146990  44.216202 17.516
 49   200.412 53936.69517187 46.32 268.145800  44.212942 17.516
 49   200.513 53936.69517251 40.84 268.144610  44.209682 17.516
 49   200.843 53936.69517316 29.97 268.143420  44.206432 17.516
 49   200.126 53936.69517380 25.03 268.142230  44.203172 17.516
 49   200.059 53936.69517445 25.73 268.141040  44.199922 17.516
 49   200.217 53936.69517509 27.62 268.139850  44.196662 17.516
 49   200.690 53936.69517574 33.62 268.138660  44.193402 17.516
 50   200.866 53971.69513746 46.75 268.148730  44.214010 14.656
 50   200.682 53971.69513811 48.19 268.147540  44.210760 14.656
 50   200.716 53971.69513875 41.68 268.146350  44.207500 14.656
 50   200.692 53971.69513940 41.17 268.145160  44.204240 14.656
 50   200.794 53971.69514004 30.65 268.143970  44.200990 14.656
 50   200.355 53971.69514069 24.52 268.142780  44.197730 14.656
 50   200.255 53971.69514133 20.60 268.141590  44.194480 14.656
 53   200.266 54076.69514155 38.77 268.153210  44.212032 16.176
 53   200.020 54076.69514220 38.16 268.152020  44.208782 16.176
 53   200.127 54076.69514284 41.48 268.150830  44.205522 16.176
 53   200.211 54076.69514349 44.27 268.149640  44.202272 16.176
 53   200.243 54076.69514413 46.18 268.148450  44.199012 16.176
 53   200.254 54076.69514478 47.05 268.147260  44.195752 16.176
 53   200.268 54076.69514542 46.30 268.146070  44.192502 16.176
 54   200.729 54111.69508186 45.01 268.147985  44.214110 16.532
 54   200.765 54111.69508250 47.80 268.146795  44.210860 16.532
 54   200.744 54111.69508315 42.38 268.145605  44.207600 16.532
 54   200.743 54111.69508379 44.01 268.144425  44.204340 16.532
 54   200.694 54111.69508444 43.17 268.143235  44.201090 16.532
 54   201.023 54111.69508508 37.49 268.142045  44.197830 16.532
 54   200.702 54111.69508573 42.79 268.140855  44.194570 16.532
 55   200.314 54146.69508349 19.85 268.156638  44.208721  4.907
 55   200.331 54146.69508414 20.41 268.155448  44.205471  4.907
 55   200.192 54146.69508478 20.59 268.154258  44.202211  4.907
 55   200.175 54146.69508543 20.71 268.153068  44.198961  4.907
 55   200.065 54146.69508607 20.28 268.151878  44.195701  4.907
 55   200.029 54146.69508671 19.69 268.150688  44.192441  4.907
 55   200.129 54146.69508736 19.04 268.149498  44.189191  4.907
 56   288.154 54181.69506949  8.94 268.149037  44.212867  7.340
 56   330.358 54181.69507014  5.33 268.147857  44.209617  7.340
 56   351.059 54181.69507078  4.33 268.146667  44.206357  7.340
 56   353.874 54181.69507142  4.92 268.145477  44.203107  7.340
 56   356.588 54181.69507207  3.83 268.144287  44.199847  7.340
 58   202.088 54251.69511738 44.17 268.155177  44.210890 12.753
 58   203.076 54251.69511803 44.56 268.153987  44.207630 12.753
 59   200.500 54286.69512348 48.13 268.154850  44.209302 17.791
 59   200.383 54286.69512413 46.74 268.153660  44.206052 17.791
 59   200.226 54286.69512477 41.35 268.152470  44.202792 17.791
 59   200.490 54286.69512542 44.54 268.151280  44.199542 17.791
 59   199.762 54286.69512606 29.13 268.150090  44.196282 17.791
 59   199.761 54286.69512670 28.26 268.148900  44.193022 17.791
 59   199.532 54286.69512735 25.07 268.147710  44.189772 17.791
 60   201.087 54321.69512033 44.07 268.155967  44.210320 17.270
 60   200.490 54321.69512098 45.29 268.154777  44.207060 17.270
 60   200.378 54321.69512162 44.48 268.153587  44.203800 17.270
 62   202.163 54391.69506107 41.64 268.155970  44.210070 12.053
 62   201.951 54391.69506172 39.72 268.154780  44.206810 12.053
 65   200.264 54496.69503755 20.92 268.153967  44.211742  6.705
 65   200.351 54496.69503820 21.58 268.152777  44.208482  6.705
 65   200.343 54496.69503884 22.54 268.151587  44.205222  6.705
 65   200.287 54496.69503949 22.85 268.150397  44.201972  6.705
 65   200.328 54496.69504013 23.31 268.149207  44.198712  6.705
 65   200.203 54496.69504078 22.37 268.148017  44.195462  6.705
 65   200.328 54496.69504142 22.30 268.146827  44.192202  6.705
 66   200.498 54531.69505251 23.75 268.156240  44.203941 13.823
 66   200.219 54531.69505315 24.88 268.155050  44.200691 13.823
 66   200.178 54531.69505380 27.36 268.153870  44.197431 13.823
 66   200.528 54531.69505444 30.53 268.152680  44.194171 13.823
 66   200.438 54531.69505509 38.11 268.151490  44.190921 13.823
 66   201.358 54531.69505573 43.45 268.150300  44.187661 13.823
 67   200.377 54566.69504566 14.77 268.144798  44.197137  8.071
 67   200.464 54566.69504631 15.00 268.143618  44.193877  8.071
 67   199.750 54566.69504695 13.68 268.142428  44.190627  8.071
 69   200.526 54636.69505832 48.97 268.153400  44.210769 23.727
 69   200.246 54636.69505897 52.14 268.152210  44.207519 23.727
 69   200.423 54636.69505961 51.44 268.151020  44.204259 23.727
 69   200.429 54636.69506026 51.53 268.149830  44.200999 23.727
 69   200.473 54636.69506090 50.23 268.148640  44.197749 23.727
 69   200.478 54636.69506155 47.58 268.147450  44.194489 23.727
 69   200.393 54636.69506219 48.80 268.146270  44.191239 23.727
 70   200.347 54671.69506192 46.44 268.152636  44.210345 20.248
 70   200.209 54671.69506256 40.90 268.151446  44.207095 20.248
 70   200.196 54671.69506321 40.91 268.150256  44.203835 20.248
 70   200.275 54671.69506385 37.54 268.149066  44.200575 20.248
 70   199.978 54671.69506450 30.42 268.147876  44.197325 20.248
 70   199.682 54671.69506514 27.81 268.146696  44.194065 20.248
 70   199.471 54671.69506579 28.98 268.145506  44.190805 20.248
 71   203.183 54706.69502247 40.41 268.152616  44.208824 14.038
 71   163.325 54706.69502505 17.80 268.147856  44.195804 14.038
 75   200.324 54846.69500372 20.14 268.151892  44.210132  4.348
 75   200.443 54846.69500436 19.78 268.150702  44.206882  4.348
 75   200.287 54846.69500501 21.25 268.149512  44.203622  4.348
 75   200.382 54846.69500565 21.10 268.148322  44.200372  4.348
 75   200.543 54846.69500630 20.28 268.147132  44.197112  4.348
 75   200.382 54846.69500694 19.95 268.145952  44.193852  4.348
 75   200.255 54846.69500758 18.96 268.144762  44.190602  4.348
 76   200.685 54881.69502364 29.19 268.154937  44.209083 15.588
 76   201.282 54881.69502622 41.78 268.150187  44.196053 15.588
 76   200.691 54881.69502686 42.11 268.148997  44.192803 15.588
 76   201.081 54881.69502751 40.93 268.147807  44.189543 15.588
 77   202.766 54916.69500645 27.50 268.148249  44.212813 11.480
 77   203.615 54916.69500709 26.86 268.147059  44.209563 11.480
 77   202.014 54916.69500774 20.58 268.145869  44.206303 11.480
 77   202.008 54916.69500838 16.93 268.144679  44.203043 11.480
 77   202.410 54916.69500903 14.13 268.143489  44.199793 11.480
 79   200.595 54986.69504130 52.31 268.153221  44.209775 22.048
 79   200.419 54986.69504195 48.92 268.152031  44.206525 22.048
 79   200.565 54986.69504259 48.81 268.150841  44.203265 22.048
 79   200.268 54986.69504324 45.18 268.149651  44.200005 22.048
 79   200.277 54986.69504388 44.86 268.148461  44.196755 22.048
 79   200.361 54986.69504453 45.44 268.147281  44.193495 22.048
 79   200.369 54986.69504517 48.18 268.146091  44.190235 22.048
 80   200.227 55021.69503403 46.24 268.155082  44.209861 21.508
 80   200.324 55021.69503468 46.85 268.153892  44.206611 21.508
 80   200.166 55021.69503532 44.77 268.152702  44.203351 21.508
 80   200.330 55021.69503597 41.20 268.151512  44.200091 21.508
 80   200.013 55021.69503661 33.35 268.150322  44.196841 21.508
 80   199.597 55021.69503726 33.39 268.149142  44.193581 21.508
 80   199.422 55021.69503790 32.49 268.147952  44.190321 21.508
 81   200.514 55056.69503072 48.96 268.153550  44.208619 22.661
 81   200.453 55056.69503136 45.56 268.152360  44.205369 22.661
 81   200.337 55056.69503201 47.45 268.151170  44.202109 22.661
 81   200.475 55056.69503265 47.45 268.149980  44.198849 22.661
 81   200.050 55056.69503330 32.51 268.148800  44.195599 22.661
 81   199.781 55056.69503394 32.42 268.147610  44.192339 22.661
 81   199.525 55056.69503459 33.50 268.146420  44.189089 22.661
 82   200.493 55091.69498737 45.76 268.150437  44.212641 18.926
 82   200.571 55091.69498802 51.21 268.149247  44.209381 18.926
 82   200.477 55091.69498866 50.02 268.148057  44.206131 18.926
 82   200.419 55091.69498931 49.48 268.146867  44.202871 18.926
 82   200.577 55091.69498995 48.09 268.145677  44.199611 18.926
 82   200.444 55091.69499060 49.46 268.144487  44.196361 18.926
 82   200.118 55091.69499124 30.51 268.143307  44.193101 18.926
 84   202.103 55161.69494898 33.06 268.152530  44.211470 14.511
 84   202.665 55161.69494962 31.58 268.151340  44.208220 14.511
 85   201.026 55196.69496327 28.31 268.153151  44.197051  7.275
 85   200.238 55196.69496392 27.71 268.151961  44.193791  7.275
 85   200.242 55196.69496456 26.04 268.150771  44.190541  7.275
 85   200.002 55196.69496521 25.78 268.149581  44.187281  7.275
 86   200.478 55231.69495238 27.42 268.150510  44.213027 11.320
 86   200.402 55231.69495367 29.62 268.148130  44.206517 11.320
 86   200.278 55231.69495431 29.33 268.146940  44.203257 11.320
 86   200.394 55231.69495496 30.52 268.145750  44.200007 11.320
 86   200.519 55231.69495560 28.33 268.144570  44.196747 11.320
 86   200.401 55231.69495625 28.55 268.143380  44.193497 11.320
 87   200.562 55266.69495606 39.34 268.155466  44.208574 12.108
 87   200.470 55266.69495671 38.77 268.154276  44.205314 12.108
 87   200.178 55266.69495735 35.20 268.153086  44.202054 12.108
 87   200.039 55266.69495800 33.08 268.151906  44.198804 12.108
 87   199.934 55266.69495864 31.22 268.150716  44.195544 12.108
 87   199.795 55266.69495929 28.86 268.149526  44.192294 12.108
 87   199.769 55266.69495993 27.41 268.148336  44.189034 12.108
 88   201.832 55301.69493332 36.11 268.150987  44.210630 11.978
 88   202.473 55301.69493396 26.48 268.149797  44.207370 11.978
 89   200.334 55336.69493026 49.92 268.154031  44.211716 19.024
 89   200.318 55336.69493091 50.67 268.152841  44.208456 19.024
 89   200.479 55336.69493155 48.20 268.151651  44.205206 19.024
 89   200.374 55336.69493220 50.31 268.150461  44.201946 19.024
 89   200.367 55336.69493284 47.52 268.149271  44.198696 19.024
 89   200.216 55336.69493349 47.27 268.148081  44.195436 19.024
 89   200.357 55336.69493413 40.92 268.146901  44.192176 19.024
 91   200.325 55406.69494028 48.32 268.157858  44.208622 24.927
 91   200.505 55406.69494093 45.84 268.156668  44.205372 24.927
 91   200.315 55406.69494157 51.71 268.155478  44.202112 24.927
 91   200.362 55406.69494222 52.01 268.154288  44.198852 24.927
 91   200.263 55406.69494286 52.40 268.153098  44.195602 24.927
 91   200.396 55406.69494351 47.63 268.151908  44.192342 24.927
 91   200.210 55406.69494415 41.56 268.150728  44.189092 24.927
