#   93.000  -1.964   4.516 ;Mean Elev.(m), Avg Gradient(m/km), RMS Gradient(m/km) - SRTM1     
#    0.000   0.000   0.000 ;Mean Elev.(m), Avg Gradient(m/km), RMS Gradient(m/km) - ASTER GDEM
#   93.396  -2.337   4.718 ;Mean Elev.(m), Avg Gradient(m/km), RMS Gradient(m/km) - GMTED2010 
  7    93.721 52452.14520513 20.91 271.247043  37.149209 14.769
  7    89.135 52452.14520578 21.37 271.246043  37.152479 14.769
  7    89.100 52452.14520642 21.33 271.245033  37.155759 14.769
  7    89.077 52452.14520707 20.98 271.244023  37.159029 14.769
  8    88.963 52487.14518501 22.28 271.258890  37.142069  8.982
  8    89.006 52487.14518566 24.96 271.257890  37.145349  8.982
  8    89.038 52487.14518630 30.66 271.256880  37.148619  8.982
  9    88.297 52522.14515520 24.79 271.259112  37.141925  6.468
  9    88.031 52522.14515584 27.26 271.258102  37.145195  6.468
  9    88.190 52522.14515649 27.27 271.257102  37.148475  6.468
 11    93.167 52592.14520171 23.37 271.251520  37.144955 10.072
 11    93.143 52592.14520235 28.42 271.250510  37.148225 10.072
 11    93.249 52592.14520300 24.40 271.249500  37.151505 10.072
 11    93.249 52592.14520364 23.00 271.248500  37.154775 10.072
 12   100.796 52627.14511735 25.89 271.261101  37.141275 11.573
 12   104.351 52627.14511799 25.93 271.260091  37.144545 11.573
 13   105.289 52662.14516464 16.27 271.255383  37.143298  8.400
 13   106.385 52662.14516528 16.26 271.254373  37.146568  8.400
 13   107.448 52662.14516592 17.34 271.253363  37.149838  8.400
 14    99.259 52697.14514195 35.73 271.254158  37.142978 22.754
 14    99.151 52697.14514259 36.57 271.253148  37.146248 22.754
 14    99.117 52697.14514324 37.20 271.252138  37.149528 22.754
 14    99.294 52697.14514388 37.72 271.251128  37.152798 22.754
 15    95.646 52732.14516442 19.91 271.265342  37.139777  9.977
 15   100.966 52732.14516507 16.28 271.264342  37.143057  9.977
 16    96.195 52767.14517438 26.32 271.256262  37.143113 22.841
 16    96.267 52767.14517502 27.46 271.255257  37.146394 14.630
 16    96.513 52767.14517566 33.62 271.254247  37.149664 14.630
 17    97.839 52802.14518360 24.31 271.251095  37.146021 10.132
 17    98.644 52802.14518424 23.73 271.250085  37.149301 10.132
 17    98.778 52802.14518489 22.56 271.249075  37.152571 10.132
 17    98.662 52802.14518553 22.74 271.248065  37.155841 10.132
 18    93.534 52837.14524835 23.03 271.255404  37.143398  8.863
 18    93.553 52837.14524899 24.51 271.254394  37.146678  8.863
 18    93.615 52837.14524964 30.36 271.253394  37.149948  8.863
 19    90.063 52872.14528839 28.04 271.257416  37.142374 10.800
 19    90.018 52872.14528903 29.33 271.256406  37.145644 10.800
 19    90.268 52872.14528968 31.67 271.255406  37.148924 10.800
 20    92.156 52907.14527866 19.18 271.260773  37.141789 12.352
 20    96.008 52907.14527930 20.23 271.259773  37.145059 12.352
 21    89.601 52942.14520749 20.95 271.257157  37.141224 16.735
 21    89.630 52942.14520813 22.92 271.256150  37.144503 11.640
 21    89.653 52942.14520878 26.08 271.255140  37.147773 11.640
 21    89.710 52942.14520942 28.78 271.254130  37.151053 11.640
 23    95.401 53012.14526325 29.12 271.253631  37.144884 12.703
 23    95.460 53012.14526389 30.13 271.252621  37.148154 12.703
 23    95.482 53012.14526454 31.08 271.251621  37.151434 12.703
 24    97.781 53047.14523041 33.43 271.251071  37.145115 19.442
 24    97.638 53047.14523105 34.82 271.250061  37.148385 19.442
 24    97.566 53047.14523170 33.95 271.249051  37.151655 19.442
 24    97.690 53047.14523234 31.78 271.248051  37.154935 19.442
 25    96.669 53082.14526530 29.92 271.250019  37.146713 18.325
 25    96.189 53082.14526594 31.84 271.249009  37.149983 18.325
 25    96.167 53082.14526658 31.64 271.247999  37.153263 18.325
 25    96.425 53082.14526723 35.21 271.246999  37.156533 18.325
 26    94.554 53117.14523582 22.54 271.247403  37.146342 12.152
 26    94.608 53117.14523647 23.59 271.246393  37.149612 12.152
 26    94.639 53117.14523711 23.21 271.245393  37.152892 12.152
 26    94.580 53117.14523776 24.70 271.244383  37.156162 12.152
 27    92.363 53152.14528536 24.77 271.248192  37.148297 13.889
 27    92.276 53152.14528600 25.22 271.247182  37.151577 13.889
 27    92.333 53152.14528665 23.07 271.246182  37.154847 13.889
 27    92.405 53152.14528729 22.03 271.245172  37.158127 13.889
 28    93.911 53187.14527035 23.07 271.263692  37.140484  9.451
 28    93.725 53187.14527099 23.79 271.262682  37.143754  9.451
 29   109.537 53222.14529330 16.51 271.260117  37.140382  8.554
 29   110.504 53222.14529395 14.63 271.259106  37.143663 10.745
 29   108.739 53222.14529459 16.59 271.258096  37.146933 10.745
 30    99.441 53257.14527022 14.67 271.255379  37.144314 15.883
 30   108.693 53257.14527086 14.30 271.254369  37.147584 15.883
 30    99.520 53257.14527151 14.96 271.253359  37.150854 15.883
 31    88.903 53292.14528849 31.75 271.242919  37.149078  8.347
 31    88.904 53292.14528913 28.55 271.241909  37.152348  8.347
 32    95.619 53327.14526040 22.56 271.260779  37.140060  9.941
 32    92.519 53327.14526104 24.25 271.259779  37.143340  9.941
 32    96.114 53327.14526169 23.98 271.258769  37.146610  9.941
 33    95.966 53362.14521595 26.79 271.264552  37.139633 22.323
 33    95.544 53362.14521659 22.86 271.263544  37.142914 12.040
 35    95.523 53432.14522881 22.54 271.262777  37.141063  6.860
 35    96.908 53432.14522946 20.70 271.261767  37.144333  6.860
 36    95.764 53467.14526475 22.72 271.251070  37.146129 13.184
 36    98.561 53467.14526540 22.74 271.250060  37.149399 13.184
 36    98.434 53467.14526604 24.46 271.249050  37.152679 13.184
 36    98.907 53467.14526669 21.09 271.248040  37.155949 13.184
 37    90.100 53502.14531829 31.47 271.249290  37.146515  8.328
 37    90.315 53502.14531894 32.26 271.248280  37.149785  8.328
 37    90.279 53502.14531958 28.56 271.247270  37.153055  8.328
 37    90.178 53502.14532023 26.21 271.246270  37.156335  8.328
 38    90.781 53537.14530965 20.85 271.257538  37.141764 10.322
 38    90.827 53537.14531029 23.79 271.256528  37.145034 10.322
 38    93.509 53537.14531094 24.55 271.255518  37.148304 10.322
 39    88.940 53572.14531497 40.25 271.251812  37.145713 14.549
 39    89.176 53572.14531561 44.49 271.250812  37.148993 14.549
 39    89.090 53572.14531626 47.90 271.249802  37.152263 14.549
 40    88.401 53607.14526275 23.37 271.261054  37.142151  7.141
 40    95.826 53607.14526340 25.85 271.260044  37.145421  7.141
 41   109.703 53642.14526432 17.13 271.249566  37.145202 12.225
 41   110.533 53642.14526497 17.20 271.248556  37.148472 12.225
 41   111.563 53642.14526561 17.87 271.247546  37.151742 12.225
 41   112.992 53642.14526626 20.07 271.246546  37.155022 12.225
 42    88.445 53677.14528339 40.90 271.250186  37.146389 15.298
 42    88.364 53677.14528403 42.15 271.249176  37.149659 15.298
 42    88.399 53677.14528468 44.59 271.248166  37.152929 15.298
 42    88.244 53677.14528532 42.22 271.247166  37.156209 15.298
 43    94.522 53712.14521091 18.77 271.264804  37.140209  9.746
 43    95.141 53712.14521155 23.04 271.263798  37.143490 11.357
 44    91.432 53747.14512383 41.94 271.254295  37.143692 14.244
 44    91.230 53747.14512447 35.05 271.253285  37.146962 14.244
 44    91.166 53747.14512511 36.84 271.252275  37.150232 14.244
 45    95.506 53782.14515421 18.22 271.261560  37.141306 12.481
 45   106.580 53782.14515485 15.82 271.260550  37.144576 12.481
 46    95.705 53817.14511956 26.16 271.266703  37.139482 16.835
 46    95.586 53817.14512021 25.41 271.265703  37.142752 16.835
 47    93.197 53852.14519385 22.08 271.247597  37.147386  8.171
 47    93.386 53852.14519449 23.44 271.246592  37.150665 19.275
 47    93.430 53852.14519514 24.87 271.245582  37.153935 19.275
 47    93.442 53852.14519578 25.19 271.244572  37.157215 19.275
 48    95.536 53887.14519797 19.51 271.264993  37.141503  9.354
 48    94.740 53887.14519861 22.74 271.263983  37.144773  9.354
 50    88.615 53957.14526665 26.45 271.247758  37.148757  8.215
 50    88.556 53957.14526729 26.80 271.246748  37.152027  8.215
 50    88.453 53957.14526794 27.75 271.245738  37.155297  8.215
 50    88.365 53957.14526858 27.84 271.244730  37.158579  5.415
 51    89.200 53992.14518882 30.94 271.252444  37.145447  8.854
 51    89.112 53992.14518946 26.26 271.251434  37.148727  8.854
 51    88.991 53992.14519011 27.08 271.250424  37.151997  8.854
 52    90.032 54027.14525239 30.28 271.253370  37.144886 15.159
 52    92.998 54027.14525304 19.75 271.252370  37.148166 15.159
 52   111.734 54027.14525368 16.63 271.251360  37.151436 15.159
 55    93.970 54132.14516799 30.92 271.252126  37.144955  9.040
 55    93.927 54132.14516863 33.83 271.251116  37.148225  9.040
 55    94.100 54132.14516928 34.54 271.250108  37.151504  8.003
 55    93.938 54132.14516992 36.29 271.249098  37.154774  8.003
 56    96.027 54167.14518892 32.23 271.258005  37.141177 25.312
 56    95.873 54167.14518957 24.98 271.257005  37.144447 25.312
 56    96.083 54167.14519021 26.52 271.255994  37.147728 20.025
 57    98.760 54202.14517101 17.40 271.252409  37.144144 12.677
 57    99.179 54202.14517165 16.41 271.251399  37.147424 12.677
 57   111.540 54202.14517230 15.87 271.250389  37.150694 12.677
 57   112.224 54202.14517294 17.22 271.249379  37.153964 12.677
 58    91.347 54237.14520673 27.74 271.256484  37.142952  6.978
 58    91.323 54237.14520737 30.37 271.255474  37.146232  6.978
 58    91.282 54237.14520802 30.42 271.254464  37.149502  6.978
 59    88.286 54272.14522622 47.22 271.257956  37.142280 10.609
 59    88.333 54272.14522686 49.57 271.256946  37.145550 10.609
 59    88.186 54272.14522751 48.77 271.255946  37.148820 10.609
 60    87.998 54307.14522822 32.91 271.256923  37.141887 10.202
 60    87.856 54307.14522886 36.68 271.255916  37.145167  8.541
 60    87.771 54307.14522951 37.33 271.254916  37.148437  8.541
 61    89.042 54342.14520820 25.75 271.261253  37.141425 11.723
 61    88.822 54342.14520884 23.98 271.260253  37.144695 11.723
 62    87.355 54377.14516396 40.57 271.253910  37.145479  6.068
 62    87.719 54377.14516460 39.98 271.252900  37.148749  6.068
 62    87.691 54377.14516525 38.42 271.251897  37.152029  9.700
 63    87.920 54412.14515568 44.84 271.256910  37.143518 13.655
 63    87.259 54412.14515633 34.97 271.255910  37.146788 13.655
 63    87.820 54412.14515697 38.95 271.254900  37.150068 13.655
 64   108.684 54447.14512902 18.15 271.252098  37.145307 11.245
 64   109.284 54447.14512966 19.35 271.251088  37.148577 11.245
 64   111.766 54447.14513031 16.71 271.250081  37.151856 12.462
 64   112.529 54447.14513095 18.91 271.249071  37.155126 12.462
 66    96.829 54517.14514294 30.53 271.253432  37.145526 23.936
 66    96.979 54517.14514358 31.27 271.252432  37.148796 23.936
 66    97.168 54517.14514423 35.17 271.251422  37.152076 23.936
 67    99.912 54552.14516007 37.05 271.259846  37.140183 17.304
 67    99.740 54552.14516071 36.36 271.258846  37.143453 17.304
 67    99.813 54552.14516136 35.56 271.257836  37.146723 17.304
 68    92.760 54587.14513830 36.52 271.255877  37.141946 15.289
 68    92.743 54587.14513895 37.36 271.254867  37.145226 15.289
 68    92.793 54587.14513959 40.47 271.253867  37.148496 15.289
 68    92.780 54587.14514024 40.10 271.252857  37.151766 15.289
 69   107.519 54622.14515698 15.97 271.256323  37.143779 10.834
 69   109.391 54622.14515762 16.10 271.255313  37.147059 10.834
 69   110.174 54622.14515826 15.60 271.254313  37.150329 10.834
 70    93.747 54657.14516664 39.50 271.254563  37.144605 17.397
 70    93.746 54657.14516729 41.08 271.253553  37.147885 17.397
 70    93.841 54657.14516793 43.35 271.252553  37.151155 17.397
 71    88.367 54692.14514963 43.75 271.258194  37.142656 11.583
 71    88.261 54692.14515028 43.43 271.257184  37.145926 11.583
 71    88.131 54692.14515092 47.11 271.256174  37.149196 11.583
 72    90.502 54727.14511932 40.31 271.253976  37.144866 11.991
 72    90.609 54727.14511996 40.45 271.252966  37.148136 11.991
 72    90.730 54727.14512061 40.81 271.251956  37.151406 11.991
 73   106.190 54762.14512634 13.37 271.256581  37.141613 16.053
 73   108.036 54762.14512699 14.41 271.255571  37.144883 16.053
 73    87.980 54762.14512763 17.29 271.254561  37.148153 16.053
 73    87.893 54762.14512828 25.41 271.253551  37.151433 16.053
 74    87.845 54797.14511215 31.01 271.251019  37.144481  8.613
 74    88.013 54797.14511279 30.52 271.250009  37.147751  8.613
 74    87.937 54797.14511344 30.91 271.248999  37.151031  8.613
 74    87.886 54797.14511408 32.13 271.247989  37.154301  8.613
 75    95.304 54832.14511623 25.13 271.256721  37.142391 15.025
 75    95.225 54832.14511687 27.16 271.255721  37.145671 15.025
 75    95.502 54832.14511752 29.76 271.254711  37.148941 15.025
 76    93.468 54867.14510777 24.95 271.253447  37.143581  7.228
 76    93.509 54867.14510842 26.88 271.252437  37.146851  7.228
 76    93.509 54867.14510906 31.30 271.251427  37.150131  7.228
 76    93.552 54867.14510970 31.22 271.250417  37.153401  7.228
 77    96.645 54902.14512633 22.20 271.256752  37.143774 13.703
 77    96.421 54902.14512698 19.42 271.255742  37.147044 13.703
 77    99.304 54902.14512762 20.36 271.254732  37.150324 13.703
 78    95.435 54937.14509781 28.86 271.254899  37.143895 11.529
 78    95.503 54937.14509845 32.36 271.253899  37.147165 11.529
 78    95.478 54937.14509910 37.96 271.252889  37.150435 11.529
 79    97.738 54972.14513103 34.88 271.255209  37.144641 19.402
 79    97.673 54972.14513168 34.68 271.254199  37.147911 19.402
 79    97.839 54972.14513232 36.33 271.253189  37.151181 19.402
 80    93.736 55007.14514801 23.87 271.255434  37.142946  8.278
 80    93.484 55007.14514866 26.00 271.254424  37.146216  8.278
 80    93.682 55007.14514930 27.94 271.253414  37.149496  8.278
 81    89.517 55042.14513649 34.07 271.257374  37.142000 11.739
 81    89.456 55042.14513714 37.10 271.256364  37.145270 11.739
 81    89.541 55042.14513778 37.71 271.255354  37.148550 11.739
 82   100.553 55077.14511645 16.83 271.259016  37.142487 13.640
 82    89.222 55077.14511709 24.44 271.258016  37.145767 13.640
 83    89.307 55112.14506965 39.85 271.254091  37.145498 12.897
 83    89.411 55112.14507029 35.93 271.253091  37.148778 12.897
 83    89.292 55112.14507094 33.86 271.252081  37.152048 12.897
 84    93.627 55147.14507057 19.96 271.255381  37.143437 19.063
 84    93.507 55147.14507121 25.86 271.254376  37.146716 17.248
 84    93.590 55147.14507186 32.70 271.253376  37.149986 17.248
 85    96.021 55182.14504956 26.69 271.251509  37.146438 17.915
 85    96.217 55182.14505021 26.91 271.250509  37.149718 17.915
 85    96.366 55182.14505085 27.63 271.249499  37.152988 17.915
 87    96.484 55252.14504532 17.94 271.254730  37.145125 14.935
 87    94.896 55252.14504596 19.66 271.253730  37.148395 14.935
 87   106.396 55252.14504661 16.92 271.252720  37.151665 14.935
 88    96.624 55287.14505829 33.76 271.258732  37.141051 19.803
 88    96.546 55287.14505894 34.94 271.257732  37.144321 19.803
 88    96.517 55287.14505958 34.05 271.256722  37.147591 19.803
 89    99.047 55322.14503463 34.57 271.254723  37.143597 18.825
 89    98.955 55322.14503527 34.34 271.253713  37.146877 18.825
 89    98.981 55322.14503592 35.55 271.252713  37.150147 18.825
 90    92.008 55357.14503361 32.99 271.256427  37.142301 11.632
 90    91.985 55357.14503426 31.60 271.255417  37.145571 11.632
 90    91.854 55357.14503490 30.96 271.254407  37.148851 11.632
 91    92.154 55392.14503619 35.53 271.252973  37.145669 13.151
 91    92.168 55392.14503684 35.81 271.251973  37.148939 13.151
 91    92.151 55392.14503748 37.33 271.250963  37.152219 13.151
 92    92.235 55427.14504993 21.89 271.257448  37.141623 15.526
 92    90.650 55427.14505057 20.36 271.256438  37.144893 15.526
 92    90.624 55427.14505122 26.98 271.255428  37.148163 15.526
 93    89.089 55462.14501548 20.92 271.261636  37.142339  9.201
 93    96.291 55462.14501613 22.55 271.260626  37.145609  9.201
