#  137.000  -3.513   6.074 ;Mean Elev.(m), Avg Gradient(m/km), RMS Gradient(m/km) - SRTM1     
#    0.000   0.000   0.000 ;Mean Elev.(m), Avg Gradient(m/km), RMS Gradient(m/km) - ASTER GDEM
#  137.453  -3.558   6.583 ;Mean Elev.(m), Avg Gradient(m/km), RMS Gradient(m/km) - GMTED2010 
  7 268.733606  39.658335   139.877   140.218  3 52444.69001777 25.897
  8 268.736258  39.652603   140.012   140.049  3 52479.69001173 45.731
  9 268.742470  39.648344   139.580   139.580  2 52514.68995968 50.240
 10 268.740734  39.648114   139.652   139.585  3 52549.69000505 28.010
 11 268.745296  39.646210   139.523   139.523  2 52584.68998927 26.407
 12 268.735106  39.654764   139.875   139.489  3 52619.68996682 50.979
 13 268.747676  39.644243   139.420   139.420  2 52654.68995496 42.186
 15 268.741875  39.649309   139.539   139.539  3 52724.68999284 32.770
 16 268.728892  39.660575   141.413   141.497  3 52759.69000997 19.666
 17 268.747483  39.642774   139.642   139.642  2 52794.68996802 27.575
 18 268.749255  39.642926   139.365   139.365  2 52829.69003501 42.564
 19 268.748758  39.642427   139.721   139.721  2 52864.69007955 26.955
 20 268.737781  39.651350   139.783   139.682  4 52899.69010729 23.977
 21 268.734924  39.655065   139.583   139.357  4 52934.69005013 33.676
 23 268.735209  39.654865   139.919   139.898  4 53004.69008463 34.055
 25 268.736795  39.651730   139.909   139.547  3 53074.69006573 24.385
 26 268.739850  39.650454   140.076   140.082  3 53109.69003558 49.798
 27 268.740205  39.648856   140.000   139.941  3 53144.69007701 36.020
 28 268.742858  39.646558   141.193   141.193  2 53179.69009157 44.191
 29 268.739439  39.652072   139.953   140.061  3 53214.69011246 33.902
 30 268.737759  39.652778   139.348   139.362  3 53249.69008224 50.582
 31 268.740428  39.650380   139.836   139.736  3 53284.69007885 27.294
 32 268.746623  39.644013   139.638   139.638  2 53319.69006730 21.293
 33 268.741980  39.647263   139.561   139.465  3 53354.69003444 26.879
 34 268.743517  39.647040   139.516   139.516  2 53389.69003916 39.646
 35 268.744169  39.647105   139.322   139.408  3 53424.69003750 40.604
 36 268.749026  39.644235   139.769   139.769  2 53459.69004283 20.200
 37 268.736169  39.654934   140.188   140.390  3 53494.69012626 50.890
 38 268.745085  39.646350   139.712   139.524  3 53529.69010250 32.314
 39 268.734360  39.656022   139.692   139.692  4 53564.69013198 33.384
 40 268.740495  39.649893   139.465   139.471  3 53599.69007487 24.751
 41 268.741078  39.649256   139.399   139.354  3 53634.69007143 25.687
 42 268.736819  39.651679   139.687   139.404  3 53669.69009279 35.769
 43 268.743530  39.646831   139.621   139.369  3 53704.69003102 37.225
 44 268.738937  39.651639   139.567   139.130  3 53739.68994045 24.112
 45 268.746309  39.643696   139.383   139.383  2 53774.68996119 43.581
 46 268.738986  39.650276   139.383   139.360  3 53809.68994345 50.614
 47 268.741494  39.649120   140.013   140.074  3 53844.68998552 49.118
 48 268.745329  39.645180   139.740   139.469  3 53879.69001498 29.185
 49 268.735614  39.653858   139.614   139.465  4 53914.69006970 51.083
 50 268.732735  39.656160   139.581   139.358  3 53949.69007976 34.402
 51 268.737529  39.651992   139.766   139.562  4 53984.69001876 40.443
 52 268.744795  39.646220   139.555   139.555  2 54019.69005500 26.140
 53 268.748699  39.643156   136.693   139.315  3 54054.69004670 34.402
 54 268.739824  39.650583   139.446   139.437  3 54089.69003491 26.902
 56 268.740219  39.650442   139.621   139.737  3 54159.69000121 30.855
 57 268.744926  39.646323   140.492   140.492  2 54194.68996313 30.197
 58 268.741379  39.647567   140.057   140.052  3 54229.69001372 52.023
 59 268.742013  39.647592   139.473   139.492  3 54264.69003174 32.994
 60 268.742341  39.648130   139.553   139.553  2 54299.69003573 26.548
 61 268.739942  39.649533   139.601   139.504  3 54334.69002535 30.048
 63 268.739991  39.650343   139.875   139.537  3 54404.68996941 34.954
 64 268.746106  39.645287   139.599   139.422  3 54439.68992743 25.977
 65 268.743344  39.647098   140.004   140.004  2 54474.68995661 49.660
 66 268.744812  39.644432   139.581   139.581  2 54509.68994103 39.869
 67 268.740779  39.648414   140.185   139.972  3 54544.68997069 32.972
 68 268.742831  39.646965   141.693   141.455  3 54579.68993844 37.030
 69 268.742017  39.648799   140.132   139.997  3 54614.68996024 42.881
 70 268.740946  39.649516   142.422   142.422  2 54649.68997088 32.860
 71 268.738853  39.649046   139.883   139.642  3 54684.68996661 49.720
 72 268.746156  39.644464   140.017   140.006  3 54719.68991568 22.248
 73 268.741272  39.648731   139.847   140.030  3 54754.68994084 24.998
 74 268.744343  39.646950   139.999   139.869  3 54789.68990918 33.472
 76 268.745859  39.644754   139.438   139.438  2 54859.68990252 33.633
 77 268.738493  39.650201   139.846   140.049  3 54894.68993789 22.350
 78 268.743032  39.647547   139.864   139.864  2 54929.68990101 27.024
 79 268.740822  39.648970   139.765   139.765  2 54964.68993755 24.589
 80 268.738817  39.650972   140.041   139.719  3 54999.68995789 48.869
 81 268.742480  39.647564   139.739   139.759  3 55034.68994443 26.856
 82 268.739303  39.651490   139.606   139.613  3 55069.68993349 22.301
 83 268.743570  39.646708   139.688   139.688  2 55104.68987547 35.682
 84 268.740673  39.648118   140.562   140.543  3 55139.68988186 40.946
 85 268.746116  39.644385   139.792   139.792  2 55174.68984268 23.287
 88 268.739213  39.650977   141.593   141.360  3 55279.68987043 52.669
 89 268.741446  39.649354   140.756   140.501  3 55314.68983522 31.592
 90 268.739885  39.649282   139.820   139.827  3 55349.68984190 28.043
 91 268.743181  39.647209   141.417   141.408  3 55384.68983505 47.924
 92 268.742433  39.648105   140.881   140.629  3 55419.68986050 30.153
 93 268.738791  39.650768   139.874   139.738  4 55454.68983811 38.715
 94 268.736943  39.651613   139.607   139.614  3 55489.68975748 47.567
