#   13.000   0.142   2.192 ;Mean Elev.(m), Avg Gradient(m/km), RMS Gradient(m/km) - SRTM1     
#    0.000   0.000   0.000 ;Mean Elev.(m), Avg Gradient(m/km), RMS Gradient(m/km) - ASTER GDEM
#   13.816   0.184   2.251 ;Mean Elev.(m), Avg Gradient(m/km), RMS Gradient(m/km) - GMTED2010 
  8 268.388506  31.214937     8.717     7.420  3 52492.68564096 24.432
 10 268.386134  31.216485    11.527    11.371  4 52562.68566545 20.803
 12 268.383416  31.218610    14.041    12.699  3 52632.68562829 18.835
 13 268.380175  31.220001    12.741    12.152  3 52667.68564575 23.122
 14 268.390480  31.214241    15.811    15.839  3 52702.68562057 43.142
 16 268.381823  31.219586    12.108    12.108  2 52772.68562363 20.534
 17 268.382566  31.218221    13.505    13.538  3 52807.68568386 47.867
 18 268.384424  31.218149    11.268    11.114  3 52842.68574208 25.791
 19 268.381761  31.219143    11.222    11.222  2 52877.68578042 21.169
 20 268.385764  31.216856    10.384    11.250  4 52912.68573912 22.969
 21 268.390333  31.214619     7.701     5.911  3 52947.68569688 27.966
 23 268.380360  31.221651    12.034    12.034  2 53017.68572512 46.322
 24 268.387262  31.216018    14.305    14.289  4 53052.68570667 25.686
 25 268.373318  31.226525    15.041    15.041  2 53087.68574201 35.059
 26 268.383318  31.217755    12.762    12.787  3 53122.68571318 22.800
 27 268.377330  31.221291    14.572    14.572  2 53157.68576945 22.196
 28 268.385520  31.216400    15.180    15.182  4 53192.68576351 26.442
 30 268.377053  31.224326    12.658    12.658  2 53262.68573406 19.729
 33 268.381354  31.219417    15.870    15.869  3 53367.68568897 36.514
 34 268.383442  31.218854    17.833    17.862  3 53402.68571782 48.674
 35 268.380815  31.219247    14.806    14.770  3 53437.68570671 33.889
 36 268.380495  31.220720    13.987    13.987  2 53472.68576085 30.263
 37 268.380100  31.219713    11.976    11.976  2 53507.68578838 22.665
 38 268.379044  31.222708    10.850    10.850  2 53542.68579666 26.627
 39 268.378912  31.221750     7.627     7.627  2 53577.68578242 32.865
 42 268.376514  31.222570     5.281     5.281  2 53682.68575552 30.425
 43 268.382466  31.218551     8.660     7.560  3 53717.68568335 20.054
 44 268.390637  31.214915    12.867    14.484  3 53752.68560395 21.457
 45 268.384292  31.215764    10.209    10.193  3 53787.68563408 47.385
 46 268.389962  31.216246    14.044    14.060  3 53822.68558814 44.911
 47 268.379956  31.220142    12.432    12.432  2 53857.68567975 20.161
 48 268.386345  31.215411     9.448     9.465  4 53892.68569435 31.706
 49 268.373882  31.225452     9.763     9.763  2 53927.68575200 27.937
 50 268.374901  31.224352     5.310     5.310  2 53962.68573564 47.480
 51 268.388890  31.213733     5.657     5.403  3 53997.68568326 18.712
 52 268.385611  31.215884     7.605     7.632  4 54032.68573335 42.009
 54 268.379076  31.221198    11.398    11.398  2 54102.68568590 22.612
 55 268.383258  31.217063    14.626    14.608  3 54137.68565561 25.076
 56 268.379624  31.220936    13.018    12.990  3 54172.68566357 23.289
 57 268.383048  31.219155    13.254    13.284  3 54207.68566082 38.760
 58 268.382780  31.219235    13.046    13.133  3 54242.68569270 20.992
 59 268.382563  31.218943    11.837    11.837  2 54277.68570669 17.464
 60 268.383186  31.218860    10.354    10.356  3 54312.68570727 39.389
 61 268.380062  31.219778     8.245     8.245  2 54347.68567899 32.423
 62 268.384363  31.218159     9.299    10.695  3 54382.68564477 30.477
 63 268.380480  31.220933     7.008     7.008  2 54417.68562832 30.369
 64 268.385013  31.217907    11.382    11.328  3 54452.68561451 18.210
 65 268.383169  31.219296    11.855    11.921  3 54487.68562625 38.939
 66 268.384241  31.216347    14.661    14.893  3 54522.68562804 27.928
 67 268.380272  31.220205    16.666    16.666  2 54557.68563589 36.287
 68 268.382391  31.219642    18.109    18.163  3 54592.68562315 38.822
 69 268.381310  31.219163    15.279    15.310  3 54627.68563886 41.668
 70 268.380813  31.220361    14.909    14.909  2 54662.68564603 25.208
 71 268.381606  31.220108    12.395    12.194  3 54697.68562057 18.052
 72 268.384031  31.218161    12.265    12.183  3 54732.68560329 18.578
 73 268.382180  31.218694    11.967    11.955  3 54767.68560072 19.525
 74 268.382684  31.217205    12.215    12.198  3 54802.68559745 16.832
 75 268.382075  31.218618    13.392    13.402  3 54837.68559328 43.529
 76 268.383036  31.217159    12.350    12.025  3 54872.68559665 16.636
 77 268.378591  31.223506    11.889    11.889  2 54907.68559997 36.160
 78 268.383126  31.219861    15.178    15.106  3 54942.68558838 30.544
 79 268.381531  31.220567    18.276    18.239  3 54977.68561602 38.831
 80 268.381243  31.219756    14.591    14.485  3 55012.68562360 25.771
 81 268.382520  31.217076    10.626    10.656  3 55047.68561621 36.282
 82 268.379807  31.221074    11.894    11.859  3 55082.68558663 21.590
 83 268.384512  31.217271    11.471    11.488  3 55117.68554843 33.488
 84 268.380725  31.220750    16.313    16.370  3 55152.68554516 29.137
 85 268.383399  31.218582    14.387    14.359  3 55187.68553544 26.537
 86 268.380759  31.219415    12.845    12.845  2 55222.68554434 32.158
 87 268.383416  31.217871    15.019    14.648  3 55257.68553180 27.197
 88 268.379426  31.220595    15.950    15.920  3 55292.68553143 30.989
 89 268.380686  31.220443    14.227    14.227  2 55327.68551468 24.865
 90 268.380694  31.219580    13.952    13.948  3 55362.68551092 50.414
 91 268.383551  31.218228    13.551    13.527  3 55397.68551900 23.576
 92 268.383972  31.219092    11.224    11.205  3 55432.68552607 33.236
 93 268.380100  31.220763     8.612     8.612  2 55467.68548454 43.421
