#  133.369  -2.808  13.510 ;Mean Elev.(m), Avg Gradient(m/km), RMS Gradient(m/km) - SRTM1     
#    0.000   0.000   0.000 ;Mean Elev.(m), Avg Gradient(m/km), RMS Gradient(m/km) - ASTER GDEM
#  133.541  -3.069  13.607 ;Mean Elev.(m), Avg Gradient(m/km), RMS Gradient(m/km) - GMTED2010 
  7 269.298530  39.136529   132.921   132.907  3 52460.68808835 30.526
  9 269.298480  39.137462   131.791   131.830  3 52530.68807074 38.176
 10 269.302842  39.133798   132.292   132.387  3 52565.68809098 20.781
 12 269.296861  39.143197   132.684   132.684  2 52635.68806984 25.071
 13 269.294029  39.144966   131.763   131.756  4 52670.68807721 48.160
 14 269.299771  39.138021   133.850   133.813  3 52705.68807119 20.295
 15 269.293130  39.147683   131.819   131.822  4 52740.68810388 51.036
 16 269.294725  39.143266   132.593   132.624  3 52775.68805031 45.789
 17 269.296621  39.141286   131.379   131.370  4 52810.68812622 32.892
 19 269.294277  39.143701   131.704   131.697  3 52880.68821897 35.549
 20 269.295811  39.142969   133.208   133.289  3 52915.68817656 17.731
 21 269.303239  39.132668   131.835   131.835  2 52950.68813842 39.015
 22 269.300710  39.135410   131.580   131.580  2 52985.68815980 51.322
 24 269.301768  39.135733   131.692   131.781  3 53055.68813794 31.899
 25 269.289593  39.161183   131.854   131.872  4 53090.68817113 47.777
 26 269.299350  39.137205   131.840   131.840  2 53125.68814549 34.740
 27 269.292223  39.148291   134.189   134.190  4 53160.68820496 48.328
 28 269.297256  39.139580   133.923   133.963  3 53195.68820367 36.891
 29 269.298717  39.137691   133.841   133.712  3 53230.68818972 19.286
 30 269.291692  39.153437   131.648   131.584  5 53265.68815735 35.236
 33 269.293581  39.146037   134.136   134.234  4 53370.68811637 38.811
 34 269.298665  39.140139   131.732   131.725  3 53405.68815163 29.112
 36 269.294184  39.146184   132.972   132.981  4 53475.68820245 49.107
 37 269.295841  39.142551   131.563   131.652  3 53510.68821794 28.085
 38 269.292443  39.150733   131.527   131.543  4 53545.68823347 44.555
 39 269.293737  39.145601   131.896   131.882  4 53580.68820964 49.983
 40 269.291689  39.154718   131.861   131.870  4 53615.68816252 44.344
 43 269.294240  39.142859   132.779   132.713  4 53720.68811172 30.740
 44 269.304001  39.132410   134.497   134.655  3 53755.68803994 41.713
 48 269.297961  39.138618   131.437   131.464  3 53895.68813658 37.514
 49 269.290472  39.158201   131.736   131.754  5 53930.68818538 25.352
 50 269.291408  39.155582   131.708   131.719  4 53965.68816339 48.117
 51 269.302724  39.133808   132.620   132.618  3 54000.68812556 18.281
 53 269.296508  39.141812   133.838   134.000  3 54070.68816117 22.564
 54 269.292547  39.152248   131.837   131.834  4 54105.68811229 50.311
 55 269.297276  39.140698   131.728   131.746  4 54140.68809356 37.495
 58 269.296338  39.142395   131.397   131.404  4 54245.68812989 50.358
 59 269.296301  39.142619   131.435   131.431  3 54280.68814108 47.943
 60 269.296390  39.142221   131.684   131.659  4 54315.68814024 51.612
 61 269.293418  39.144629   131.226   131.149  4 54350.68810779 22.112
 62 269.297632  39.140125   131.473   131.451  3 54385.68807948 42.252
 63 269.293679  39.146440   131.376   131.356  4 54420.68805738 20.565
 65 269.295154  39.143153   131.629   131.650  4 54490.68805876 37.590
 66 269.298081  39.137989   131.699   131.692  3 54525.68806500 25.918
 67 269.293334  39.145098   134.538   134.499  4 54560.68806690 26.826
 68 269.295912  39.143254   134.298   134.298  4 54595.68805963 38.443
 69 269.294851  39.142601   133.863   133.864  4 54630.68807400 28.191
 70 269.294468  39.143489   132.851   132.866  3 54665.68808017 47.535
 72 269.298297  39.139886   131.765   131.852  3 54735.68804011 37.117
 74 269.297287  39.141368   131.636   131.636  3 54805.68803364 33.875
 75 269.295807  39.142070   131.938   131.938  4 54840.68802571 39.453
 76 269.295771  39.141183   131.843   131.847  4 54875.68803483 33.919
 77 269.292602  39.149687   132.449   132.435  5 54910.68803010 44.799
 78 269.296063  39.141307   131.538   131.447  3 54945.68802693 22.269
 79 269.294840  39.144154   131.656   131.660  4 54980.68805296 49.984
 80 269.295577  39.142893   131.468   131.508  4 55015.68805543 45.744
 81 269.296308  39.142064   133.242   133.050  3 55050.68804961 17.365
 82 269.292741  39.148104   131.804   131.824  4 55085.68801473 49.866
 84 269.293757  39.146358   132.831   132.835  4 55155.68797510 35.864
 86 269.293912  39.144451   132.161   132.152  4 55225.68797584 49.030
 88 269.293514  39.145953   133.707   133.705  5 55295.68796065 50.281
 89 269.294614  39.145427   133.081   133.115  4 55330.68794861 47.796
 90 269.294359  39.142743   133.604   133.624  4 55365.68794286 44.012
 91 269.297566  39.138946   134.402   134.361  3 55400.68795548 31.015
 92 269.296176  39.141046   135.122   135.161  3 55435.68795981 24.316
 93 269.292736  39.146271   132.597   132.591  4 55470.68791198 38.938
