#    0.000   0.034   0.249 ;Mean Elev.(m), Avg Gradient(m/km), RMS Gradient(m/km) - SRTM1     
#    0.000   0.000   0.000 ;Mean Elev.(m), Avg Gradient(m/km), RMS Gradient(m/km) - ASTER GDEM
#    0.788   0.075   0.539 ;Mean Elev.(m), Avg Gradient(m/km), RMS Gradient(m/km) - GMTED2010 
  7     0.342 52451.67808909 25.35 270.708896  29.230759 24.000
  7    -0.434 52451.67808974 28.84 270.708016  29.227469 24.000
  7    -1.345 52451.67809038 31.35 270.707136  29.224179 24.000
  7     0.299 52451.67809103 27.36 270.706256  29.220889 24.000
  8    -0.172 52486.67807284 25.81 270.713715  29.223431 30.557
  8    -0.340 52486.67807349 21.67 270.712835  29.220141 30.557
  8    -0.562 52486.67807413 22.46 270.711955  29.216851 30.557
  8    -0.120 52486.67807478 25.56 270.711075  29.213571 30.557
  9     0.309 52521.67804174 24.16 270.711862  29.224718 27.129
  9     0.015 52521.67804238 22.66 270.710982  29.221438 27.129
  9    -0.038 52521.67804303 22.97 270.710102  29.218148 27.129
  9     0.248 52521.67804367 25.69 270.709222  29.214858 27.129
 11     0.544 52591.67808567 23.21 270.710576  29.227643 25.055
 11     0.292 52591.67808631 25.45 270.709696  29.224353 25.055
 11    -0.722 52591.67808696 29.90 270.708816  29.221073 25.055
 11    -0.611 52591.67808760 33.84 270.707936  29.217783 25.055
 12    -0.877 52626.67800647 32.64 270.722466  29.207712 25.168
 12    -1.308 52626.67800711 31.02 270.721586  29.204422 25.168
 12    -0.823 52626.67800775 27.26 270.720706  29.201132 25.168
 13     0.676 52661.67804989 29.19 270.713403  29.224684 24.977
 13    -0.148 52661.67805053 28.32 270.712523  29.221404 24.977
 13    -0.415 52661.67805117 28.10 270.711643  29.218114 24.977
 13    -0.063 52661.67805182 27.47 270.710763  29.214824 24.977
 14     0.674 52696.67802913 28.47 270.718998  29.215178 29.267
 14    -0.069 52696.67802978 25.32 270.718118  29.211888 29.267
 14     0.046 52696.67803042 23.64 270.717238  29.208598 29.267
 14     0.377 52696.67803107 23.30 270.716358  29.205308 29.267
 15     0.098 52731.67805483 24.53 270.718481  29.215839 11.219
 15    -0.023 52731.67805547 20.98 270.717601  29.212549 11.219
 15    -0.145 52731.67805612 20.15 270.716721  29.209259 11.219
 15     0.224 52731.67805676 19.97 270.715851  29.205969 11.219
 16    -0.319 52766.67806156 22.65 270.707034  29.229199 17.880
 16    -0.059 52766.67806220 21.56 270.706154  29.225919 17.880
 16     0.320 52766.67806285 22.26 270.705274  29.222629 17.880
 17     0.236 52801.67806756 26.77 270.717768  29.216603 34.096
 17    -0.157 52801.67806820 26.05 270.716888  29.213313 34.096
 17    -0.648 52801.67806885 27.95 270.716008  29.210023 34.096
 17    -0.152 52801.67806949 24.84 270.715128  29.206733 34.096
 18     0.250 52836.67813359 28.33 270.717805  29.216628 39.868
 18    -0.218 52836.67813424 30.46 270.716925  29.213338 39.868
 18    -2.586 52836.67813488 32.60 270.716045  29.210048 39.868
 18    -0.390 52836.67813553 30.03 270.715165  29.206758 39.868
 19    -0.070 52871.67817428 24.03 270.716406  29.216525 34.974
 19    -0.218 52871.67817493 21.95 270.715526  29.213235 34.974
 19    -0.425 52871.67817557 24.43 270.714646  29.209945 34.974
 19    -0.121 52871.67817622 25.76 270.713766  29.206655 34.974
 20     0.296 52906.67816713 26.94 270.714591  29.219690 37.542
 20    -0.102 52906.67816778 24.88 270.713711  29.216400 37.542
 20    -0.007 52906.67816842 26.20 270.712831  29.213110 37.542
 20     0.225 52906.67816907 28.33 270.711951  29.209820 37.542
 21    -0.206 52941.67809854 29.54 270.719362  29.212446 36.106
 21    -0.524 52941.67809918 29.38 270.718482  29.209156 36.106
 21    -0.664 52941.67809983 32.70 270.717602  29.205866 36.106
 21    -0.216 52941.67810047 31.08 270.716722  29.202576 36.106
 23     0.329 53011.67814979 23.76 270.710481  29.225843 17.554
 23     0.027 53011.67815043 23.74 270.709601  29.222563 17.554
 23    -0.177 53011.67815108 24.96 270.708721  29.219273 17.554
 23    -0.028 53011.67815172 25.52 270.707841  29.215983 17.554
 25     0.194 53081.67814925 23.97 270.708955  29.230507 26.631
 25    -0.026 53081.67814990 21.76 270.708075  29.227217 26.631
 25     0.010 53081.67815054 23.09 270.707195  29.223937 26.631
 25     0.196 53081.67815119 24.79 270.706315  29.220647 26.631
 26    -0.343 53116.67812043 30.00 270.712397  29.224511 25.864
 26    -0.503 53116.67812107 28.51 270.711517  29.221231 25.864
 26    -0.064 53116.67812171 28.37 270.710637  29.217941 25.864
 26     0.299 53116.67812236 32.52 270.709757  29.214651 25.864
 27    -0.700 53151.67816867 28.71 270.710402  29.225450 26.866
 27    -0.722 53151.67816932 28.28 270.709522  29.222160 26.866
 27    -0.190 53151.67816996 26.48 270.708642  29.218880 26.866
 27     0.194 53151.67817061 27.60 270.707762  29.215590 26.866
 28     0.210 53186.67815753 25.41 270.720096  29.211360 38.657
 28    -0.309 53186.67815818 25.88 270.719216  29.208070 38.657
 28    -0.274 53186.67815882 24.26 270.718336  29.204780 38.657
 28    -0.018 53186.67815946 24.71 270.717456  29.201500 38.657
 29    -0.295 53221.67818113 24.93 270.713869  29.220880 39.705
 29    -0.493 53221.67818177 24.49 270.712989  29.217590 39.705
 29    -0.254 53221.67818242 26.13 270.712109  29.214300 39.705
 29    -0.033 53221.67818306 27.36 270.711229  29.211010 39.705
 30    -0.338 53256.67815611 22.60 270.708349  29.228509 32.648
 30    -0.236 53256.67815675 23.52 270.707469  29.225219 32.648
 30    -0.242 53256.67815740 25.58 270.706589  29.221939 32.648
 31     0.148 53291.67817180 25.08 270.710312  29.225526 21.670
 31    -0.109 53291.67817244 23.91 270.709432  29.222246 21.670
 31     0.060 53291.67817309 23.45 270.708552  29.218956 21.670
 31     0.133 53291.67817373 24.11 270.707672  29.215666 21.670
 32     0.502 53326.67814758 26.21 270.715635  29.217871 27.490
 32    -0.261 53326.67814822 23.89 270.714755  29.214581 27.490
 32    -0.106 53326.67814887 24.88 270.713875  29.211291 27.490
 32     0.273 53326.67814951 25.75 270.712995  29.208001 27.490
 33     0.501 53361.67810377 28.22 270.715893  29.221084 27.207
 33     0.261 53361.67810442 25.21 270.715013  29.217794 27.207
 33     0.060 53361.67810506 25.61 270.714133  29.214504 27.207
 33     0.017 53361.67810571 27.96 270.713253  29.211214 27.207
 33     0.216 53361.67810635 29.79 270.712373  29.207924 27.207
 35     0.502 53431.67811599 28.93 270.714337  29.221253 22.962
 35     0.135 53431.67811664 24.71 270.713457  29.217963 22.962
 35     0.078 53431.67811728 23.78 270.712577  29.214673 22.962
 35     0.189 53431.67811793 25.43 270.711697  29.211383 22.962
 36     0.163 53466.67814935 27.13 270.715912  29.218021 15.770
 36    -0.491 53466.67815000 24.57 270.715032  29.214731 15.770
 36    -0.167 53466.67815064 21.78 270.714152  29.211441 15.770
 36     0.302 53466.67815129 21.07 270.713272  29.208151 15.770
 37     0.330 53501.67820225 25.42 270.709937  29.229770 24.038
 37    -0.099 53501.67820289 25.52 270.709057  29.226480 24.038
 37    -0.346 53501.67820354 28.04 270.708177  29.223190 24.038
 37    -0.468 53501.67820418 35.09 270.707297  29.219910 24.038
 38     0.414 53536.67819489 23.96 270.713762  29.221731 29.516
 38    -0.251 53536.67819554 24.29 270.712882  29.218451 29.516
 38    -0.386 53536.67819618 22.96 270.712002  29.215161 29.516
 38    -0.636 53536.67819683 30.28 270.711122  29.211871 29.516
 39     0.111 53571.67820021 27.57 270.709699  29.228524 15.335
 39    -0.086 53571.67820086 26.95 270.708819  29.225234 15.335
 39     0.071 53571.67820150 23.51 270.707939  29.221954 15.335
 39     0.341 53571.67820215 23.56 270.707059  29.218664 15.335
 40    -0.379 53606.67814929 24.20 270.710986  29.224273 28.777
 40    -0.776 53606.67814993 26.34 270.710106  29.220993 28.777
 40    -0.623 53606.67815058 31.38 270.709226  29.217703 28.777
 40    -0.267 53606.67815122 33.63 270.708346  29.214413 28.777
 41     0.590 53641.67815021 26.20 270.714482  29.220536 21.833
 41     0.328 53641.67815086 24.90 270.713602  29.217246 21.833
 41     0.121 53641.67815150 23.96 270.712722  29.213956 21.833
 41     0.421 53641.67815215 28.56 270.711842  29.210666 21.833
 42     0.230 53676.67816863 26.83 270.709939  29.226270 13.878
 42    -0.133 53676.67816928 26.98 270.709059  29.222990 13.878
 42    -0.279 53676.67816992 27.57 270.708179  29.219700 13.878
 42     0.085 53676.67817057 28.23 270.707299  29.216410 13.878
 43     0.268 53711.67809873 28.44 270.714874  29.221372 18.626
 43     0.362 53711.67809937 25.32 270.713994  29.218082 18.626
 43    -0.065 53711.67810002 24.09 270.713114  29.214792 18.626
 43     0.146 53711.67810066 25.82 270.712234  29.211502 18.626
 44    -1.011 53746.67801165 30.70 270.719236  29.211735 20.320
 44    -1.272 53746.67801229 29.20 270.718356  29.208445 20.320
 44    -0.693 53746.67801294 26.97 270.717477  29.205165  8.154
 44     0.263 53746.67801358 26.18 270.716597  29.201875  8.154
 45     0.645 53781.67804202 25.05 270.716430  29.216208 20.254
 45    -0.209 53781.67804267 24.50 270.715550  29.212918 20.254
 45    -0.093 53781.67804331 24.92 270.714670  29.209628 20.254
 45     0.304 53781.67804396 26.23 270.713790  29.206338 20.254
 46     0.126 53816.67800731 27.61 270.713406  29.224791 20.507
 46    -0.090 53816.67800795 24.42 270.712526  29.221501 20.507
 46    -0.019 53816.67800859 22.53 270.711646  29.218221 20.507
 46     0.214 53816.67800924 23.28 270.710766  29.214931 20.507
 46     0.153 53816.67800988 29.27 270.709886  29.211641 20.507
 47     0.667 53851.67807771 25.00 270.712929  29.223926 19.407
 47     0.256 53851.67807835 24.31 270.712049  29.220646 19.407
 47     0.147 53851.67807900 25.94 270.711169  29.217356 19.407
 47     0.150 53851.67807964 28.31 270.710289  29.214066 19.407
 48    -0.270 53886.67808642 24.81 270.720563  29.211752 33.599
 48    -0.375 53886.67808706 22.92 270.719683  29.208462 33.599
 48    -0.273 53886.67808771 23.28 270.718803  29.205172 33.599
 48     0.124 53886.67808835 25.28 270.717923  29.201892 33.599
 49    -0.308 53921.67815452 21.34 270.707188  29.229463 20.121
 49    -0.076 53921.67815516 22.42 270.706308  29.226173 20.121
 49     0.129 53921.67815580 26.59 270.705428  29.222883 20.121
 50     0.166 53956.67815053 30.17 270.707374  29.230588 26.677
 50     0.216 53956.67815117 29.10 270.706494  29.227298 26.677
 50    -0.004 53956.67815182 34.24 270.705614  29.224008 26.677
 50     0.084 53956.67815246 32.77 270.704734  29.220728 26.677
 51    -0.218 53991.67807470 23.54 270.719791  29.211240 25.956
 51    -0.435 53991.67807535 20.96 270.718911  29.207960 25.956
 51    -0.310 53991.67807599 21.41 270.718031  29.204670 25.956
 51     0.366 53991.67807664 23.85 270.717151  29.201380 25.956
 52     0.270 54026.67813885 25.13 270.716582  29.216281 24.883
 52    -0.238 54026.67813950 26.27 270.715702  29.212991 24.883
 52    -0.208 54026.67814014 29.92 270.714822  29.209701 24.883
 52    -0.131 54026.67814079 31.73 270.713942  29.206411 24.883
 53    -0.736 54061.67813274 26.93 270.717317  29.215331 23.931
 53    -0.729 54061.67813338 25.85 270.716437  29.212041 23.931
 53    -0.878 54061.67813403 25.42 270.715557  29.208751 23.931
 53     0.166 54061.67813467 25.83 270.714677  29.205471 23.931
 55     0.611 54131.67805377 26.83 270.716670  29.215751 24.326
 55    -0.026 54131.67805442 23.61 270.715790  29.212461 24.326
 55    -0.156 54131.67805506 25.50 270.714910  29.209171 24.326
 55     0.195 54131.67805571 28.37 270.714030  29.205881 24.326
 56    -0.040 54166.67807541 25.72 270.712064  29.226190 31.356
 56    -0.315 54166.67807606 27.02 270.711184  29.222910 31.356
 56    -0.350 54166.67807670 30.15 270.710304  29.219620 31.356
 56    -0.207 54166.67807735 35.07 270.709424  29.216330 31.356
 57    -0.073 54201.67805666 27.98 270.715408  29.218481 22.842
 57    -0.215 54201.67805730 25.33 270.714528  29.215191 22.842
 57     0.027 54201.67805795 28.20 270.713648  29.211901 22.842
 57     0.054 54201.67805859 29.43 270.712768  29.208611 22.842
 58     0.282 54236.67809236 25.18 270.715324  29.217867 27.658
 58     0.017 54236.67809301 25.43 270.714444  29.214577 27.658
 58     0.168 54236.67809365 27.28 270.713564  29.211287 27.658
 58     0.209 54236.67809430 27.65 270.712684  29.207997 27.658
 59    -0.035 54271.67811195 26.06 270.714894  29.222324 30.773
 59    -0.169 54271.67811259 23.61 270.714014  29.219044 30.773
 59    -0.139 54271.67811324 24.21 270.713134  29.215754 30.773
 59    -0.080 54271.67811388 24.83 270.712254  29.212464 30.773
 59    -0.025 54271.67811453 29.00 270.711374  29.209174 30.773
 60     0.177 54306.67811477 24.80 270.715011  29.220995 37.523
 60    -0.187 54306.67811541 24.17 270.714131  29.217705 37.523
 60    -0.086 54306.67811606 25.58 270.713251  29.214415 37.523
 60     0.177 54306.67811670 25.63 270.712371  29.211125 37.523
 61     0.015 54341.67809510 24.87 270.713921  29.223563 29.965
 61    -0.178 54341.67809574 23.45 270.713041  29.220283 29.965
 61    -0.064 54341.67809638 25.31 270.712161  29.216993 29.965
 61    -0.323 54341.67809703 28.81 270.711281  29.213703 29.965
 62     0.125 54376.67804975 24.09 270.715488  29.220330 25.596
 62     0.016 54376.67805039 23.13 270.714608  29.217040 25.596
 62    -0.180 54376.67805104 21.60 270.713728  29.213750 25.596
 62     0.228 54376.67805168 22.40 270.712848  29.210460 25.596
 63    -0.048 54411.67804261 22.57 270.713311  29.221734 23.532
 63    -0.102 54411.67804326 21.66 270.712431  29.218444 23.532
 63     0.058 54411.67804390 21.82 270.711551  29.215154 23.532
 63    -0.011 54411.67804455 23.50 270.710671  29.211864 23.532
 64     0.229 54446.67801494 27.24 270.716257  29.217393 24.435
 64    -0.848 54446.67801558 26.74 270.715377  29.214103 24.435
 64    -0.713 54446.67801623 26.61 270.714497  29.210813 24.435
 64    -0.217 54446.67801687 25.09 270.713617  29.207523 24.435
 66     0.754 54516.67802882 30.06 270.717202  29.218618 23.658
 66     0.438 54516.67802947 25.63 270.716322  29.215328 23.658
 66    -0.412 54516.67803011 24.89 270.715442  29.212048 23.658
 66    -0.401 54516.67803076 27.23 270.714562  29.208758 23.658
 66     0.226 54516.67803140 28.21 270.713682  29.205468 23.658
 67     0.306 54551.67804660 26.62 270.712788  29.224724 21.527
 67     0.035 54551.67804724 25.68 270.711908  29.221434 21.527
 67    -0.188 54551.67804789 29.66 270.711028  29.218144 21.527
 67     0.065 54551.67804853 32.38 270.710148  29.214854 21.527
 68     0.361 54586.67802354 28.43 270.715665  29.221545 17.622
 68     0.288 54586.67802419 24.03 270.714785  29.218255 17.622
 68     0.092 54586.67802483 25.60 270.713905  29.214965 17.622
 68     0.060 54586.67802548 27.47 270.713025  29.211675 17.622
 68    -0.136 54586.67802612 30.43 270.712145  29.208395 17.622
 69     0.092 54621.67804286 25.92 270.713638  29.220477 20.367
 69     0.123 54621.67804350 24.95 270.712758  29.217187 20.367
 69     0.418 54621.67804415 23.84 270.711878  29.213897 20.367
 69     0.559 54621.67804479 25.49 270.710998  29.210607 20.367
 70     0.247 54656.67805188 25.24 270.713316  29.224531 29.139
 70    -0.308 54656.67805253 25.33 270.712436  29.221241 29.139
 70    -0.366 54656.67805317 28.35 270.711556  29.217951 29.139
 70    -0.027 54656.67805382 30.29 270.710676  29.214661 29.139
 71    -0.020 54691.67803616 24.22 270.713288  29.222555 25.178
 71     0.000 54691.67803680 21.24 270.712408  29.219265 25.178
 71     0.407 54691.67803745 22.24 270.711528  29.215975 25.178
 71     0.466 54691.67803809 19.22 270.710648  29.212685 25.178
 72     0.277 54726.67800463 27.01 270.717052  29.219216 22.148
 72    -0.127 54726.67800527 22.80 270.716172  29.215926 22.148
 72    -0.050 54726.67800591 20.73 270.715292  29.212636 22.148
 72    -0.068 54726.67800656 20.23 270.714412  29.209356 22.148
 72     0.425 54726.67800720 24.92 270.713532  29.206066 22.148
 73     0.554 54761.67801351 25.61 270.713482  29.223741 14.117
 73    -0.083 54761.67801416 20.24 270.712602  29.220451 14.117
 73    -0.078 54761.67801480 18.66 270.711722  29.217161 14.117
 73     0.002 54761.67801545 17.13 270.710842  29.213881 14.117
 74    -0.136 54796.67799803 28.65 270.716228  29.219575 20.272
 74    -0.510 54796.67799868 25.06 270.715348  29.216285 20.272
 74    -0.917 54796.67799932 25.61 270.714468  29.213005 20.272
 74    -0.200 54796.67799996 23.00 270.713588  29.209715 20.272
 75    -0.196 54831.67801440 26.20 270.713470  29.221052 19.896
 75    -0.411 54831.67801504 24.94 270.712590  29.217762 19.896
 75    -0.245 54831.67801569 22.82 270.711710  29.214472 19.896
 75     0.066 54831.67801633 23.41 270.710830  29.211192 19.896
 76     0.444 54866.67799365 26.12 270.716971  29.218951 14.943
 76     0.213 54866.67799430 23.64 270.716091  29.215671 14.943
 76    -0.490 54866.67799494 23.57 270.715211  29.212381 14.943
 76    -0.212 54866.67799559 23.83 270.714331  29.209091 14.943
 76     0.372 54866.67799623 26.64 270.713451  29.205801 14.943
 77     0.027 54901.67801286 24.88 270.711083  29.224380 13.290
 77    -0.159 54901.67801350 24.73 270.710203  29.221090 13.290
 77    -0.150 54901.67801415 24.97 270.709323  29.217800 13.290
 77     0.119 54901.67801479 28.13 270.708443  29.214520 13.290
 78     0.036 54936.67798304 27.23 270.715843  29.219005 25.803
 78    -0.092 54936.67798369 26.85 270.714963  29.215715 25.803
 78    -0.254 54936.67798433 29.74 270.714083  29.212425 25.803
 78    -0.015 54936.67798498 29.15 270.713203  29.209145 25.803
 79     0.450 54971.67801627 24.64 270.714593  29.218980 17.326
 79     0.137 54971.67801691 23.71 270.713713  29.215690 17.326
 79     0.196 54971.67801756 22.02 270.712833  29.212400 17.326
 79     0.571 54971.67801820 22.43 270.711953  29.209120 17.326
 80     0.113 55006.67803389 28.94 270.712767  29.225359 24.850
 80    -0.139 55006.67803454 25.06 270.711887  29.222069 24.850
 80     0.055 55006.67803518 23.58 270.711007  29.218779 24.850
 80     0.401 55006.67803583 23.42 270.710127  29.215489 24.850
 81    -0.284 55041.67802302 24.11 270.714541  29.219579 26.199
 81    -0.504 55041.67802366 22.97 270.713661  29.216289 26.199
 81    -1.091 55041.67802431 25.76 270.712781  29.212999 26.199
 81     0.058 55041.67802495 23.48 270.711901  29.209719 26.199
 82     0.110 55076.67800297 25.26 270.712792  29.222948 21.656
 82    -0.066 55076.67800362 23.26 270.711912  29.219658 21.656
 82     0.311 55076.67800426 22.11 270.711032  29.216368 21.656
 82     0.319 55076.67800491 23.67 270.710152  29.213078 21.656
 83    -0.203 55111.67795617 25.07 270.715349  29.218546 29.276
 83    -0.437 55111.67795682 26.85 270.714469  29.215256 29.276
 83    -0.348 55111.67795746 26.56 270.713589  29.211976 29.276
 83    -0.492 55111.67795811 30.62 270.712709  29.208686 29.276
 84     0.448 55146.67795716 27.72 270.712698  29.223535 19.656
 84     0.222 55146.67795781 25.52 270.711818  29.220245 19.656
 84     0.235 55146.67795845 23.68 270.710938  29.216955 19.656
 84     0.485 55146.67795910 23.89 270.710058  29.213665 19.656
 85     0.383 55181.67793487 27.21 270.716474  29.217145 19.447
 85    -0.178 55181.67793551 24.06 270.715594  29.213855 19.447
 85     0.077 55181.67793616 23.83 270.714714  29.210575 19.447
 85     0.453 55181.67793680 23.35 270.713834  29.207285 19.447
 86     0.190 55216.67795186 27.90 270.713260  29.222591 23.476
 86    -0.097 55216.67795250 25.79 270.712380  29.219301 23.476
 86     0.070 55216.67795315 23.94 270.711500  29.216011 23.476
 86     0.153 55216.67795379 27.64 270.710620  29.212731 23.476
 87     0.169 55251.67793184 30.83 270.716646  29.216679 23.691
 87    -0.281 55251.67793249 27.32 270.715766  29.213399 23.691
 87     0.100 55251.67793313 26.76 270.714886  29.210109 23.691
 87     0.169 55251.67793378 31.72 270.714006  29.206819 23.691
 88     0.425 55286.67794482 25.16 270.711556  29.224178 26.702
 88    -0.081 55286.67794546 27.30 270.710676  29.220888 26.702
 88    -0.084 55286.67794611 30.50 270.709796  29.217598 26.702
 88     0.179 55286.67794675 34.46 270.708916  29.214308 26.702
 89     0.188 55321.67791922 28.73 270.713283  29.224996 27.651
 89    -0.232 55321.67791986 25.20 270.712403  29.221706 27.651
 89    -0.359 55321.67792051 26.83 270.711523  29.218416 27.651
 89    -0.021 55321.67792115 31.02 270.710643  29.215126 27.651
 89     0.051 55321.67792180 35.37 270.709763  29.211836 27.651
 90     0.111 55356.67792014 26.64 270.712835  29.221655 32.532
 90    -0.273 55356.67792078 29.80 270.711955  29.218365 32.532
 90     0.004 55356.67792143 33.55 270.711075  29.215075 32.532
 90     0.294 55356.67792207 36.66 270.710195  29.211795 32.532
 91     0.095 55391.67792143 27.79 270.715142  29.221115 30.776
 91    -0.126 55391.67792207 25.54 270.714262  29.217825 30.776
 91    -0.263 55391.67792272 24.40 270.713382  29.214535 30.776
 91     0.170 55391.67792336 24.50 270.712502  29.211255 30.776
 92     0.128 55426.67793645 25.20 270.714866  29.220726 32.629
 92    -0.186 55426.67793710 24.30 270.713986  29.217436 32.629
 92    -0.412 55426.67793774 24.90 270.713106  29.214146 32.629
 92     0.086 55426.67793839 25.52 270.712226  29.210856 32.629
 93     0.129 55461.67790265 29.26 270.714061  29.223854 27.236
 93     0.017 55461.67790330 22.92 270.713181  29.220564 27.236
 93    -0.162 55461.67790394 22.65 270.712301  29.217274 27.236
 93    -0.147 55461.67790459 24.76 270.711421  29.213984 27.236
 93     0.336 55461.67790523 23.43 270.710541  29.210704 27.236
