#   93.000  -1.964   4.516 ;Mean Elev.(m), Avg Gradient(m/km), RMS Gradient(m/km) - SRTM1     
#    0.000   0.000   0.000 ;Mean Elev.(m), Avg Gradient(m/km), RMS Gradient(m/km) - ASTER GDEM
#   93.396  -2.337   4.718 ;Mean Elev.(m), Avg Gradient(m/km), RMS Gradient(m/km) - GMTED2010 
  7 271.245535  37.154119    90.258    89.118  4 52452.14520610 21.152
  8 271.257887  37.145346    89.002    89.006  3 52487.14518566 27.394
  9 271.258105  37.145198    88.172    88.190  3 52522.14515584 26.586
 11 271.250007  37.149865    93.202    93.208  4 52592.14520267 25.401
 12 271.260596  37.142910   102.574   102.574  2 52627.14511767 25.910
 13 271.254373  37.146568   106.374   106.385  3 52662.14516528 16.654
 14 271.252643  37.147888    99.205    99.205  4 52697.14514292 36.867
 15 271.264842  37.141417    98.306    98.306  2 52732.14516474 18.464
 16 271.255255  37.146390    96.325    96.267  3 52767.14517502 30.397
 17 271.249580  37.150933    98.481    98.653  4 52802.14518456 23.395
 18 271.254397  37.146675    93.568    93.553  3 52837.14524899 27.187
 19 271.256409  37.145647    90.116    90.063  3 52872.14528903 29.946
 20 271.260273  37.143424    94.082    94.082  2 52907.14527898 19.737
 21 271.255644  37.146138    89.649    89.642  4 52942.14520845 25.685
 23 271.252624  37.148157    95.447    95.460  3 53012.14526389 30.183
 24 271.249559  37.150022    97.669    97.664  4 53047.14523138 33.630
 25 271.248506  37.151623    96.363    96.307  4 53082.14526626 32.605
 26 271.245893  37.151252    94.595    94.594  4 53117.14523679 23.582
 27 271.246682  37.153212    92.344    92.348  4 53152.14528633 23.957
 28 271.263187  37.142119    93.818    93.818  2 53187.14527067 23.445
 29 271.259106  37.143659   109.593   109.537  3 53222.14529395 15.999
 30 271.254369  37.147584   102.551    99.520  3 53257.14527086 14.652
 31 271.242414  37.150713    88.904    88.904  2 53292.14528881 30.438
 32 271.259776  37.143337    94.750    95.619  3 53327.14526104 23.657
 33 271.264048  37.141273    95.755    95.755  2 53362.14521627 25.255
 35 271.262272  37.142698    96.216    96.216  2 53432.14522914 21.717
 36 271.249555  37.151039    97.916    98.498  4 53467.14526572 22.916
 37 271.247777  37.151422    90.218    90.229  4 53502.14531926 30.234
 38 271.256528  37.145034    91.705    90.827  3 53537.14531029 23.331
 39 271.250809  37.148990    89.069    89.090  3 53572.14531561 45.245
 40 271.260549  37.143786    92.114    92.114  2 53607.14526308 24.785
 41 271.248054  37.150109   111.198   111.048  4 53642.14526529 18.244
 42 271.248673  37.151297    88.363    88.381  4 53677.14528436 42.681
 43 271.264301  37.141849    94.832    94.832  2 53712.14521123 21.410
 44 271.253285  37.146962    91.276    91.230  3 53747.14512447 38.969
 45 271.261055  37.142941   101.043   101.043  2 53782.14515453 17.184
 46 271.266203  37.141117    95.645    95.645  2 53817.14511989 25.801
 47 271.246086  37.152300    93.364    93.408  4 53852.14519481 24.063
 48 271.264488  37.143138    95.138    95.138  2 53887.14519829 21.419
 50 271.246243  37.153665    88.497    88.505  4 53957.14526761 27.251
 51 271.251434  37.148724    89.101    89.112  3 53992.14518946 28.603
 52 271.252367  37.148163    98.255    92.998  3 54027.14525304 26.046
 55 271.250612  37.149864    93.984    93.954  4 54132.14516895 34.294
 56 271.257001  37.144451    95.994    96.027  3 54167.14518957 29.093
 57 271.250894  37.149057   105.426   105.359  4 54202.14517198 16.768
 58 271.255474  37.146229    91.317    91.323  3 54237.14520737 29.677
 59 271.256949  37.145550    88.268    88.286  3 54272.14522686 48.626
 60 271.255918  37.145164    87.875    87.856  3 54307.14522886 36.027
 61 271.260753  37.143060    88.932    88.932  2 54342.14520852 24.955
 62 271.252902  37.148752    87.588    87.691  3 54377.14516460 39.748
 63 271.255907  37.146791    87.666    87.820  3 54412.14515633 41.406
 64 271.250585  37.150216   110.565   110.525  4 54447.14512998 18.390
 66 271.252429  37.148799    96.992    96.979  3 54517.14514358 32.831
 67 271.258843  37.143453    99.822    99.813  3 54552.14516071 36.366
 68 271.254367  37.146859    92.769    92.770  4 54587.14513927 38.936
 69 271.255316  37.147056   109.028   109.391  3 54622.14515762 15.895
 70 271.253556  37.147882    93.778    93.747  3 54657.14516729 41.600
 71 271.257184  37.145926    88.253    88.261  3 54692.14515028 45.103
 72 271.252966  37.148136    90.614    90.609  3 54727.14511996 40.528
 73 271.255066  37.146521    97.525    97.085  4 54762.14512731 20.516
 74 271.249504  37.149391    87.920    87.911  4 54797.14511312 31.185
 75 271.255718  37.145668    95.344    95.304  3 54832.14511687 27.762
 76 271.251932  37.148491    93.510    93.509  4 54867.14510874 29.387
 77 271.255742  37.147047    97.457    96.645  3 54902.14512698 20.817
 78 271.253896  37.147165    95.472    95.478  3 54937.14509845 34.645
 79 271.254199  37.147911    97.750    97.738  3 54972.14513168 35.361
 80 271.254424  37.146219    93.634    93.682  3 55007.14514866 26.247
 81 271.256364  37.145273    89.504    89.517  3 55042.14513714 36.559
 82 271.258516  37.144127    94.887    94.887  2 55077.14511677 22.124
 83 271.253088  37.148775    89.337    89.307  3 55112.14507029 37.273
 84 271.254378  37.146713    93.575    93.590  3 55147.14507121 28.933
 85 271.250506  37.149715    96.202    96.217  3 55182.14505021 27.096
 87 271.253727  37.148395    99.259    96.484  3 55252.14504596 18.323
 88 271.257729  37.144321    96.563    96.546  3 55287.14505894 34.280
 89 271.253716  37.146874    98.994    98.981  3 55322.14503527 34.852
 90 271.255417  37.145574    91.949    91.985  3 55357.14503426 31.934
 91 271.251970  37.148942    92.158    92.154  3 55392.14503684 36.298
 92 271.256438  37.144893    91.169    90.650  3 55427.14505057 24.049
 93 271.261131  37.143974    92.690    92.690  2 55462.14501581 21.811
